# This file was created by 'globes-accuracy 3.1.11' using GLoBES 3.2.13
# The command line was
# ../cdr_testsetup/myacc -A3 -X-100,100 -R200 -p0.5857,0.148,0.785,0.0,0.000075,0.002524 -E0.023,0.018,0.058,0.0,0.024,0.016 -F -d 0.02 -DNUTIME=14.6028037383 -DNUBARTIME=14.6028037383 dune_optimized_long_syst3pc.glb data/resdcp0_optimized_long_q23hi_syst3pc_no_exp1250 
#
# Wed Jan 25 08:51:06 2017

------ solution #1 out of 1 ------
-1 -100.000000	3.090675e+02	1.434051e+02	1.192717e+02	5.714895e-01	1.460057e-01	8.123077e-01	-1.745329e+00	7.208060e-05	2.538689e-03	0.957914	
-1 -98.994975	3.080367e+02	1.419214e+02	1.183375e+02	5.716199e-01	1.459975e-01	8.121369e-01	-1.727788e+00	7.210068e-05	2.538463e-03	0.958064	
-1 -97.989950	3.068886e+02	1.404109e+02	1.173757e+02	5.717531e-01	1.459894e-01	8.119591e-01	-1.710247e+00	7.212159e-05	2.538236e-03	0.958220	
-1 -96.984925	3.056233e+02	1.388741e+02	1.163866e+02	5.718891e-01	1.459812e-01	8.117738e-01	-1.692706e+00	7.214334e-05	2.538008e-03	0.958383	
-1 -95.979899	3.042411e+02	1.373117e+02	1.153705e+02	5.720279e-01	1.459730e-01	8.115805e-01	-1.675165e+00	7.216590e-05	2.537780e-03	0.958552	
-1 -94.974874	3.027423e+02	1.357241e+02	1.143276e+02	5.721693e-01	1.459647e-01	8.113786e-01	-1.657624e+00	7.218928e-05	2.537551e-03	0.958728	
-1 -93.969849	3.011275e+02	1.341121e+02	1.132582e+02	5.723135e-01	1.459563e-01	8.111673e-01	-1.640083e+00	7.221345e-05	2.537322e-03	0.958910	
-1 -92.964824	2.993973e+02	1.324763e+02	1.121626e+02	5.724604e-01	1.459474e-01	8.109500e-01	-1.622542e+00	7.223853e-05	2.537092e-03	0.959098	
-1 -91.959799	2.975524e+02	1.308173e+02	1.110404e+02	5.726124e-01	1.459746e-01	8.105653e-01	-1.605001e+00	7.226138e-05	2.536849e-03	0.959293	
-1 -90.954774	2.955937e+02	1.291359e+02	1.098932e+02	5.727641e-01	1.459685e-01	8.103099e-01	-1.587460e+00	7.228787e-05	2.536617e-03	0.959494	
-1 -89.949749	2.935222e+02	1.274326e+02	1.087209e+02	5.729184e-01	1.459626e-01	8.100401e-01	-1.569919e+00	7.231511e-05	2.536385e-03	0.959700	
-1 -88.944724	2.913389e+02	1.257083e+02	1.075237e+02	5.730751e-01	1.459566e-01	8.097536e-01	-1.552378e+00	7.234305e-05	2.536153e-03	0.959913	
-1 -87.939698	2.890451e+02	1.239636e+02	1.063020e+02	5.732341e-01	1.459505e-01	8.094467e-01	-1.534837e+00	7.237161e-05	2.535920e-03	0.960133	
-1 -86.934673	2.866421e+02	1.221994e+02	1.050562e+02	5.733954e-01	1.459446e-01	8.091140e-01	-1.517296e+00	7.240068e-05	2.535686e-03	0.960360	
-1 -85.929648	2.841313e+02	1.204163e+02	1.037866e+02	5.735700e-01	1.459400e-01	8.087325e-01	-1.499755e+00	7.242931e-05	2.535457e-03	0.960649	
-1 -84.924623	2.815144e+02	1.186153e+02	1.024938e+02	5.737372e-01	1.459368e-01	8.083418e-01	-1.482214e+00	7.245959e-05	2.535220e-03	0.960889	
-1 -83.919598	2.787929e+02	1.167970e+02	1.011771e+02	5.738498e-01	1.460035e-01	8.068433e-01	-1.464673e+00	7.248042e-05	2.534908e-03	0.961094	
-1 -82.914573	2.759688e+02	1.149624e+02	9.990274e+01	5.738057e-01	1.469120e-01	7.929656e-01	-1.447132e+00	7.244601e-05	2.534429e-03	0.961100	
-1 -81.909548	2.730437e+02	1.131122e+02	9.850393e+01	5.739516e-01	1.469791e-01	7.918759e-01	-1.429591e+00	7.250466e-05	2.534286e-03	0.961673	
-1 -80.904523	2.700199e+02	1.112473e+02	9.708135e+01	5.741349e-01	1.470154e-01	7.911163e-01	-1.412050e+00	7.253451e-05	2.534099e-03	0.961912	
-1 -79.899497	2.668993e+02	1.093687e+02	9.563675e+01	5.743209e-01	1.470408e-01	7.904777e-01	-1.394509e+00	7.256686e-05	2.533913e-03	0.962168	
-1 -78.894472	2.636842e+02	1.074771e+02	9.417160e+01	5.744878e-01	1.470647e-01	7.898137e-01	-1.376968e+00	7.261062e-05	2.533743e-03	0.962492	
-1 -77.889447	2.603770e+02	1.055735e+02	9.268618e+01	5.746808e-01	1.470763e-01	7.893370e-01	-1.359427e+00	7.264530e-05	2.533557e-03	0.962762	
-1 -76.884422	2.569799e+02	1.036588e+02	9.118185e+01	5.748752e-01	1.470844e-01	7.888991e-01	-1.341886e+00	7.268159e-05	2.533372e-03	0.963043	
-1 -75.879397	2.534956e+02	1.017339e+02	8.965919e+01	5.750871e-01	1.470988e-01	7.887557e-01	-1.324345e+00	7.271564e-05	2.533168e-03	0.963308	
-1 -74.874372	2.499267e+02	9.979986e+01	8.811975e+01	5.752854e-01	1.471010e-01	7.883598e-01	-1.306804e+00	7.275382e-05	2.532985e-03	0.963605	
-1 -73.869347	2.462759e+02	9.785751e+01	8.656406e+01	5.754856e-01	1.471013e-01	7.879926e-01	-1.289263e+00	7.279286e-05	2.532803e-03	0.963908	
-1 -72.864322	2.425459e+02	9.590785e+01	8.499302e+01	5.756877e-01	1.470999e-01	7.876498e-01	-1.271722e+00	7.283268e-05	2.532622e-03	0.964217	
-1 -71.859296	2.387398e+02	9.395186e+01	8.340754e+01	5.758915e-01	1.470971e-01	7.873280e-01	-1.254181e+00	7.287320e-05	2.532441e-03	0.964532	
-1 -70.854271	2.348604e+02	9.199052e+01	8.180870e+01	5.760751e-01	1.471056e-01	7.869720e-01	-1.236640e+00	7.292291e-05	2.532271e-03	0.964893	
-1 -69.849246	2.309108e+02	9.002484e+01	8.019716e+01	5.762831e-01	1.470999e-01	7.866904e-01	-1.219099e+00	7.296429e-05	2.532092e-03	0.965218	
-1 -68.844221	2.268942e+02	8.805581e+01	7.857402e+01	5.764924e-01	1.470935e-01	7.864221e-01	-1.201558e+00	7.300626e-05	2.531913e-03	0.965549	
-1 -67.839196	2.228138e+02	8.608446e+01	7.694027e+01	5.767028e-01	1.470865e-01	7.861658e-01	-1.184017e+00	7.304877e-05	2.531735e-03	0.965885	
-1 -66.834171	2.186729e+02	8.411179e+01	7.529690e+01	5.769142e-01	1.470791e-01	7.859205e-01	-1.166476e+00	7.309180e-05	2.531558e-03	0.966228	
-1 -65.829146	2.144749e+02	8.213884e+01	7.364492e+01	5.771266e-01	1.470712e-01	7.856855e-01	-1.148935e+00	7.313529e-05	2.531382e-03	0.966577	
-1 -64.824121	2.102232e+02	8.016664e+01	7.198538e+01	5.773397e-01	1.470630e-01	7.854603e-01	-1.131394e+00	7.317919e-05	2.531208e-03	0.966932	
-1 -63.819095	2.059214e+02	7.819623e+01	7.031938e+01	5.775650e-01	1.470627e-01	7.852052e-01	-1.113853e+00	7.322183e-05	2.531038e-03	0.967330	
-1 -62.814070	2.015730e+02	7.622865e+01	6.864784e+01	5.777787e-01	1.470536e-01	7.850004e-01	-1.096312e+00	7.326652e-05	2.530866e-03	0.967694	
-1 -61.809045	1.971816e+02	7.426495e+01	6.697192e+01	5.779928e-01	1.470442e-01	7.848037e-01	-1.078771e+00	7.331150e-05	2.530694e-03	0.968063	
-1 -60.804020	1.927511e+02	7.230618e+01	6.529295e+01	5.782143e-01	1.470500e-01	7.845279e-01	-1.061230e+00	7.335647e-05	2.530532e-03	0.968468	
-1 -59.798995	1.882850e+02	7.035339e+01	6.361155e+01	5.784284e-01	1.470401e-01	7.843501e-01	-1.043689e+00	7.340196e-05	2.530363e-03	0.968848	
-1 -58.793970	1.837873e+02	6.840763e+01	6.192910e+01	5.786424e-01	1.470304e-01	7.841787e-01	-1.026148e+00	7.344761e-05	2.530196e-03	0.969234	
-1 -57.788945	1.792618e+02	6.646998e+01	6.024674e+01	5.788562e-01	1.470210e-01	7.840135e-01	-1.008607e+00	7.349341e-05	2.530030e-03	0.969626	
-1 -56.783920	1.747123e+02	6.454147e+01	5.856562e+01	5.790697e-01	1.470118e-01	7.838542e-01	-9.910664e-01	7.353929e-05	2.529866e-03	0.970023	
-1 -55.778894	1.701428e+02	6.262317e+01	5.688690e+01	5.792826e-01	1.470029e-01	7.837008e-01	-9.735254e-01	7.358523e-05	2.529703e-03	0.970426	
-1 -54.773869	1.655573e+02	6.071614e+01	5.521176e+01	5.794948e-01	1.469945e-01	7.835531e-01	-9.559844e-01	7.363117e-05	2.529542e-03	0.970835	
-1 -53.768844	1.609597e+02	5.882142e+01	5.354137e+01	5.797062e-01	1.469864e-01	7.834112e-01	-9.384434e-01	7.367709e-05	2.529383e-03	0.971250	
-1 -52.763819	1.563541e+02	5.694007e+01	5.187691e+01	5.799165e-01	1.469789e-01	7.832749e-01	-9.209024e-01	7.372292e-05	2.529225e-03	0.971670	
-1 -51.758794	1.517446e+02	5.507314e+01	5.021960e+01	5.801257e-01	1.469718e-01	7.831442e-01	-9.033614e-01	7.376864e-05	2.529069e-03	0.972095	
-1 -50.753769	1.471352e+02	5.322167e+01	4.857063e+01	5.803335e-01	1.469653e-01	7.830190e-01	-8.858204e-01	7.381420e-05	2.528914e-03	0.972526	
-1 -49.748744	1.425300e+02	5.138671e+01	4.693119e+01	5.805398e-01	1.469594e-01	7.828993e-01	-8.682794e-01	7.385955e-05	2.528761e-03	0.972963	
-1 -48.743719	1.379331e+02	4.956928e+01	4.530252e+01	5.807444e-01	1.469542e-01	7.827851e-01	-8.507384e-01	7.390466e-05	2.528611e-03	0.973405	
-1 -47.738693	1.333487e+02	4.777042e+01	4.368581e+01	5.809471e-01	1.469496e-01	7.826763e-01	-8.331974e-01	7.394947e-05	2.528461e-03	0.973852	
-1 -46.733668	1.287808e+02	4.599114e+01	4.208227e+01	5.811479e-01	1.469458e-01	7.825729e-01	-8.156564e-01	7.399394e-05	2.528314e-03	0.974305	
-1 -45.728643	1.242335e+02	4.423247e+01	4.049312e+01	5.813464e-01	1.469428e-01	7.824749e-01	-7.981154e-01	7.403803e-05	2.528169e-03	0.974763	
-1 -44.723618	1.197111e+02	4.249541e+01	3.891956e+01	5.815425e-01	1.469406e-01	7.823824e-01	-7.805744e-01	7.408170e-05	2.528025e-03	0.975227	
-1 -43.718593	1.152175e+02	4.078095e+01	3.736279e+01	5.817361e-01	1.469391e-01	7.822959e-01	-7.630334e-01	7.412489e-05	2.527883e-03	0.975696	
-1 -42.713568	1.107569e+02	3.909009e+01	3.582424e+01	5.819366e-01	1.469509e-01	7.821233e-01	-7.454924e-01	7.416202e-05	2.527739e-03	0.976079	
-1 -41.708543	1.063333e+02	3.742380e+01	3.430464e+01	5.821244e-01	1.469511e-01	7.820504e-01	-7.279514e-01	7.420441e-05	2.527602e-03	0.976561	
-1 -40.703518	1.019509e+02	3.578305e+01	3.280539e+01	5.823092e-01	1.469522e-01	7.819828e-01	-7.104104e-01	7.424617e-05	2.527466e-03	0.977049	
-1 -39.698492	9.761356e+01	3.416879e+01	3.132768e+01	5.824908e-01	1.469543e-01	7.819206e-01	-6.928694e-01	7.428728e-05	2.527333e-03	0.977541	
-1 -38.693467	9.332541e+01	3.258196e+01	2.987266e+01	5.826690e-01	1.469576e-01	7.818638e-01	-6.753284e-01	7.432768e-05	2.527201e-03	0.978039	
-1 -37.688442	8.909038e+01	3.102350e+01	2.844146e+01	5.828437e-01	1.469619e-01	7.818124e-01	-6.577874e-01	7.436734e-05	2.527072e-03	0.978541	
-1 -36.683417	8.491241e+01	2.949431e+01	2.703521e+01	5.830146e-01	1.469673e-01	7.817666e-01	-6.402464e-01	7.440620e-05	2.526945e-03	0.979049	
-1 -35.678392	8.079540e+01	2.799530e+01	2.565503e+01	5.831818e-01	1.469739e-01	7.817265e-01	-6.227054e-01	7.444424e-05	2.526820e-03	0.979561	
-1 -34.673367	7.674319e+01	2.652735e+01	2.430200e+01	5.833449e-01	1.469817e-01	7.816920e-01	-6.051644e-01	7.448140e-05	2.526698e-03	0.980078	
-1 -33.668342	7.275959e+01	2.509133e+01	2.297718e+01	5.835039e-01	1.469907e-01	7.816633e-01	-5.876234e-01	7.451764e-05	2.526577e-03	0.980599	
-1 -32.663317	6.884834e+01	2.368809e+01	2.168161e+01	5.836529e-01	1.469999e-01	7.816360e-01	-5.700824e-01	7.455648e-05	2.526468e-03	0.981200	
-1 -31.658291	6.501312e+01	2.231846e+01	2.041631e+01	5.838033e-01	1.470112e-01	7.816206e-01	-5.525414e-01	7.459062e-05	2.526352e-03	0.981728	
-1 -30.653266	6.125757e+01	2.098325e+01	1.918227e+01	5.839490e-01	1.470239e-01	7.816111e-01	-5.350004e-01	7.462373e-05	2.526238e-03	0.982261	
-1 -29.648241	5.758525e+01	1.968327e+01	1.798045e+01	5.840901e-01	1.470378e-01	7.816078e-01	-5.174594e-01	7.465576e-05	2.526126e-03	0.982798	
-1 -28.643216	5.399964e+01	1.841928e+01	1.681177e+01	5.842262e-01	1.470531e-01	7.816107e-01	-4.999184e-01	7.468670e-05	2.526017e-03	0.983340	
-1 -27.638191	5.050417e+01	1.719204e+01	1.567714e+01	5.843574e-01	1.470696e-01	7.816199e-01	-4.823774e-01	7.471649e-05	2.525910e-03	0.983886	
-1 -26.633166	4.710216e+01	1.600228e+01	1.457740e+01	5.844835e-01	1.470875e-01	7.816355e-01	-4.648364e-01	7.474511e-05	2.525805e-03	0.984436	
-1 -25.628141	4.379689e+01	1.485072e+01	1.351339e+01	5.846043e-01	1.471067e-01	7.816577e-01	-4.472954e-01	7.477252e-05	2.525703e-03	0.984990	
-1 -24.623116	4.059151e+01	1.373803e+01	1.248590e+01	5.847198e-01	1.471272e-01	7.816865e-01	-4.297544e-01	7.479869e-05	2.525603e-03	0.985548	
-1 -23.618090	3.748912e+01	1.266489e+01	1.149566e+01	5.848299e-01	1.471491e-01	7.817220e-01	-4.122134e-01	7.482359e-05	2.525506e-03	0.986110	
-1 -22.613065	3.449269e+01	1.163193e+01	1.054338e+01	5.849343e-01	1.471724e-01	7.817645e-01	-3.946724e-01	7.484719e-05	2.525411e-03	0.986675	
-1 -21.608040	3.160512e+01	1.063976e+01	9.629719e+00	5.850332e-01	1.471970e-01	7.818139e-01	-3.771314e-01	7.486947e-05	2.525319e-03	0.987244	
-1 -20.603015	2.882919e+01	9.688980e+00	8.755296e+00	5.851263e-01	1.472229e-01	7.818703e-01	-3.595904e-01	7.489039e-05	2.525230e-03	0.987817	
-1 -19.597990	2.616760e+01	8.780140e+00	7.920648e+00	5.852111e-01	1.472454e-01	7.819607e-01	-3.420495e-01	7.491011e-05	2.525140e-03	0.988384	
-1 -18.592965	2.362292e+01	7.913775e+00	7.126361e+00	5.852927e-01	1.472741e-01	7.820308e-01	-3.245085e-01	7.492823e-05	2.525056e-03	0.988963	
-1 -17.587940	2.119760e+01	7.090391e+00	6.372875e+00	5.853683e-01	1.473041e-01	7.821086e-01	-3.069675e-01	7.494494e-05	2.524975e-03	0.989544	
-1 -16.582915	1.889402e+01	6.310461e+00	5.660610e+00	5.854378e-01	1.473353e-01	7.821942e-01	-2.894265e-01	7.496021e-05	2.524896e-03	0.990129	
-1 -15.577889	1.671438e+01	5.574433e+00	4.989938e+00	5.855013e-01	1.473679e-01	7.822879e-01	-2.718855e-01	7.497404e-05	2.524820e-03	0.990716	
-1 -14.572864	1.466082e+01	4.882722e+00	4.361176e+00	5.855587e-01	1.474016e-01	7.823898e-01	-2.543445e-01	7.498641e-05	2.524746e-03	0.991306	
-1 -13.567839	1.273531e+01	4.235710e+00	3.774590e+00	5.856099e-01	1.474366e-01	7.825002e-01	-2.368035e-01	7.499731e-05	2.524676e-03	0.991898	
-1 -12.562814	1.093971e+01	3.633750e+00	3.230387e+00	5.856549e-01	1.474728e-01	7.826194e-01	-2.192625e-01	7.500673e-05	2.524608e-03	0.992492	
-1 -11.557789	9.275762e+00	3.077161e+00	2.728724e+00	5.856938e-01	1.475100e-01	7.827476e-01	-2.017215e-01	7.501466e-05	2.524543e-03	0.993088	
-1 -10.552764	7.745051e+00	2.566229e+00	2.269695e+00	5.857235e-01	1.475457e-01	7.828795e-01	-1.841805e-01	7.502169e-05	2.524482e-03	0.993688	
-1 -9.547739	6.349041e+00	2.101206e+00	1.853346e+00	5.857504e-01	1.475854e-01	7.830270e-01	-1.666395e-01	7.502654e-05	2.524422e-03	0.994286	
-1 -8.542714	5.089058e+00	1.682308e+00	1.479661e+00	5.857710e-01	1.476260e-01	7.831845e-01	-1.490985e-01	7.502991e-05	2.524365e-03	0.994885	
-1 -7.537688	3.966282e+00	1.309718e+00	1.148563e+00	5.857853e-01	1.476676e-01	7.833524e-01	-1.315575e-01	7.503182e-05	2.524311e-03	0.995486	
-1 -6.532663	2.981756e+00	9.835818e-01	8.599234e-01	5.857935e-01	1.477099e-01	7.835312e-01	-1.140165e-01	7.503226e-05	2.524260e-03	0.996088	
-1 -5.527638	2.136376e+00	7.040086e-01	6.135506e-01	5.857955e-01	1.477531e-01	7.837213e-01	-9.647549e-02	7.503124e-05	2.524212e-03	0.996691	
-1 -4.522613	1.430890e+00	4.710709e-01	4.091969e-01	5.857914e-01	1.477969e-01	7.839234e-01	-7.893449e-02	7.502877e-05	2.524167e-03	0.997294	
-1 -3.517588	8.659010e-01	2.848036e-01	2.465556e-01	5.857812e-01	1.478414e-01	7.841380e-01	-6.139349e-02	7.502487e-05	2.524125e-03	0.997897	
-1 -2.512563	4.418600e-01	1.452032e-01	1.252617e-01	5.857660e-01	1.478863e-01	7.843709e-01	-4.385249e-02	7.501930e-05	2.524085e-03	0.998494	
-1 -1.507538	1.590674e-01	5.222808e-02	4.489203e-02	5.857447e-01	1.479320e-01	7.846121e-01	-2.631150e-02	7.501257e-05	2.524048e-03	0.999098	
-1 -0.502513	1.767069e-02	5.797285e-03	4.964278e-03	5.857161e-01	1.479772e-01	7.848665e-01	-8.770499e-03	7.500455e-05	2.524015e-03	0.999699	
0 0.000013	2.524000e-03	7.500000e-05	5.141815e-12	5.857000e-01	1.480000e-01	7.850000e-01	2.208802e-07	7.500000e-05	2.524000e-03	1.000000	
1 0.502513	1.766400e-02	5.790621e-03	4.939365e-03	5.856825e-01	1.480228e-01	7.851376e-01	8.770499e-03	7.499512e-05	2.523985e-03	1.000300	
1 1.507538	1.588867e-01	5.204811e-02	4.421942e-02	5.856425e-01	1.480681e-01	7.854246e-01	2.631150e-02	7.498439e-05	2.523958e-03	1.000898	
1 2.512563	4.410227e-01	1.443697e-01	1.221474e-01	5.855983e-01	1.481139e-01	7.857332e-01	4.385249e-02	7.497226e-05	2.523934e-03	1.001492	
1 3.517588	8.636001e-01	2.825151e-01	2.380096e-01	5.855490e-01	1.481590e-01	7.860610e-01	6.139349e-02	7.495898e-05	2.523912e-03	1.002091	
1 4.522613	1.425991e+00	4.662033e-01	3.910324e-01	5.854941e-01	1.482034e-01	7.864104e-01	7.893449e-02	7.494442e-05	2.523894e-03	1.002683	
1 5.527638	2.127410e+00	6.951127e-01	5.803833e-01	5.854343e-01	1.482469e-01	7.867816e-01	9.647549e-02	7.492870e-05	2.523878e-03	1.003273	
1 6.532663	2.966917e+00	9.688810e-01	8.051666e-01	5.853698e-01	1.482893e-01	7.871820e-01	1.140165e-01	7.491184e-05	2.523866e-03	1.003859	
1 7.537688	3.943414e+00	1.287105e+00	1.064425e+00	5.853008e-01	1.483304e-01	7.876123e-01	1.315575e-01	7.489390e-05	2.523856e-03	1.004442	
1 8.542714	5.055648e+00	1.649340e+00	1.357124e+00	5.852239e-01	1.483688e-01	7.880980e-01	1.490985e-01	7.487474e-05	2.523850e-03	1.004994	
1 9.547739	6.302212e+00	2.055102e+00	1.682173e+00	5.851473e-01	1.484048e-01	7.886151e-01	1.666395e-01	7.485494e-05	2.523845e-03	1.005575	
1 10.552764	7.681542e+00	2.503865e+00	2.038387e+00	5.850657e-01	1.484374e-01	7.891766e-01	1.841805e-01	7.483410e-05	2.523843e-03	1.006140	
1 11.557789	9.191924e+00	2.995063e+00	2.424476e+00	5.849799e-01	1.484634e-01	7.898186e-01	2.017215e-01	7.481221e-05	2.523845e-03	1.006683	
1 12.562814	1.083149e+01	3.528090e+00	2.839028e+00	5.848915e-01	1.484872e-01	7.905248e-01	2.192625e-01	7.479004e-05	2.523848e-03	1.007239	
1 13.567839	1.259822e+01	4.102300e+00	3.280475e+00	5.847964e-01	1.485097e-01	7.913084e-01	2.368035e-01	7.476671e-05	2.523855e-03	1.007740	
1 14.572864	1.448996e+01	4.717009e+00	3.746916e+00	5.847018e-01	1.485123e-01	7.923525e-01	2.543445e-01	7.474310e-05	2.523862e-03	1.008234	
1 15.577889	1.650438e+01	5.371491e+00	4.236009e+00	5.846083e-01	1.484803e-01	7.937269e-01	2.718855e-01	7.471964e-05	2.523869e-03	1.008717	
1 16.582915	1.863903e+01	6.064985e+00	4.744526e+00	5.845166e-01	1.484023e-01	7.957128e-01	2.894265e-01	7.469659e-05	2.523879e-03	1.009135	
1 17.587940	2.089132e+01	6.796691e+00	5.266401e+00	5.844310e-01	1.482384e-01	7.987269e-01	3.069675e-01	7.467512e-05	2.523913e-03	1.009456	
1 18.592965	2.325849e+01	7.565772e+00	5.793907e+00	5.843476e-01	1.480549e-01	8.019463e-01	3.245085e-01	7.465416e-05	2.524003e-03	1.009751	
1 19.597990	2.573769e+01	8.371356e+00	6.330299e+00	5.842561e-01	1.479719e-01	8.040090e-01	3.420495e-01	7.463114e-05	2.524115e-03	1.010120	
1 20.603015	2.832590e+01	9.212534e+00	6.880471e+00	5.841574e-01	1.479377e-01	8.053638e-01	3.595904e-01	7.460707e-05	2.524228e-03	1.010587	
1 21.608040	3.101999e+01	1.008837e+01	7.445894e+00	5.840542e-01	1.479132e-01	8.065723e-01	3.771314e-01	7.458249e-05	2.524349e-03	1.011040	
1 22.613065	3.381668e+01	1.099788e+01	8.027102e+00	5.839488e-01	1.479169e-01	8.075126e-01	3.946724e-01	7.455684e-05	2.524466e-03	1.011458	
1 23.618090	3.671259e+01	1.194006e+01	8.623843e+00	5.838418e-01	1.479359e-01	8.082970e-01	4.122134e-01	7.453054e-05	2.524583e-03	1.011897	
1 24.623116	3.970422e+01	1.291387e+01	9.235622e+00	5.837322e-01	1.479671e-01	8.090213e-01	4.297544e-01	7.450448e-05	2.524706e-03	1.012324	
1 25.628141	4.278795e+01	1.391826e+01	9.861925e+00	5.836240e-01	1.480027e-01	8.096531e-01	4.472954e-01	7.447695e-05	2.524829e-03	1.012791	
1 26.633166	4.596005e+01	1.495212e+01	1.050203e+01	5.835029e-01	1.480380e-01	8.102210e-01	4.648364e-01	7.445128e-05	2.524956e-03	1.013197	
1 27.638191	4.921667e+01	1.601433e+01	1.115516e+01	5.833875e-01	1.480783e-01	8.107336e-01	4.823774e-01	7.442393e-05	2.525084e-03	1.013647	
1 28.643216	5.255389e+01	1.710376e+01	1.182054e+01	5.832706e-01	1.481211e-01	8.112123e-01	4.999184e-01	7.439646e-05	2.525215e-03	1.014089	
1 29.648241	5.596767e+01	1.821923e+01	1.249735e+01	5.831523e-01	1.481660e-01	8.116615e-01	5.174594e-01	7.436888e-05	2.525348e-03	1.014523	
1 30.653266	5.945389e+01	1.935955e+01	1.318478e+01	5.830328e-01	1.482127e-01	8.120850e-01	5.350004e-01	7.434125e-05	2.525485e-03	1.014950	
1 31.658291	6.300835e+01	2.052352e+01	1.388198e+01	5.829123e-01	1.482609e-01	8.124859e-01	5.525414e-01	7.431360e-05	2.525625e-03	1.015369	
1 32.663317	6.662675e+01	2.170992e+01	1.458813e+01	5.827908e-01	1.483071e-01	8.128436e-01	5.700824e-01	7.428578e-05	2.525767e-03	1.015781	
1 33.668342	7.030473e+01	2.291749e+01	1.530237e+01	5.826688e-01	1.483575e-01	8.132068e-01	5.876234e-01	7.425819e-05	2.525913e-03	1.016185	
1 34.673367	7.403787e+01	2.414499e+01	1.602394e+01	5.825416e-01	1.484031e-01	8.135635e-01	6.051644e-01	7.423177e-05	2.526065e-03	1.016520	
1 35.678392	7.782168e+01	2.539115e+01	1.675191e+01	5.824186e-01	1.484551e-01	8.138944e-01	6.227054e-01	7.420442e-05	2.526218e-03	1.016910	
1 36.683417	8.165161e+01	2.665470e+01	1.748555e+01	5.822953e-01	1.485075e-01	8.142119e-01	6.402464e-01	7.417725e-05	2.526373e-03	1.017291	
1 37.688442	8.552306e+01	2.793436e+01	1.822404e+01	5.821718e-01	1.485603e-01	8.145167e-01	6.577874e-01	7.415029e-05	2.526532e-03	1.017663	
1 38.693467	8.943139e+01	2.922884e+01	1.896663e+01	5.820483e-01	1.486133e-01	8.148099e-01	6.753284e-01	7.412356e-05	2.526695e-03	1.018025	
1 39.698492	9.337193e+01	3.053685e+01	1.971255e+01	5.819248e-01	1.486664e-01	8.150921e-01	6.928694e-01	7.409711e-05	2.526860e-03	1.018378	
1 40.703518	9.733998e+01	3.185710e+01	2.046107e+01	5.818015e-01	1.487195e-01	8.153640e-01	7.104104e-01	7.407097e-05	2.527028e-03	1.018720	
1 41.708543	1.013308e+02	3.318832e+01	2.121147e+01	5.816785e-01	1.487726e-01	8.156262e-01	7.279514e-01	7.404516e-05	2.527200e-03	1.019053	
1 42.713568	1.053396e+02	3.452921e+01	2.196306e+01	5.815558e-01	1.488255e-01	8.158792e-01	7.454924e-01	7.401971e-05	2.527374e-03	1.019374	
1 43.718593	1.093618e+02	3.587850e+01	2.271518e+01	5.814336e-01	1.488782e-01	8.161235e-01	7.630334e-01	7.399466e-05	2.527552e-03	1.019686	
1 44.723618	1.133924e+02	3.723494e+01	2.346722e+01	5.813135e-01	1.489247e-01	8.163683e-01	7.805744e-01	7.396963e-05	2.527732e-03	1.020003	
1 45.728643	1.174268e+02	3.859726e+01	2.421849e+01	5.811925e-01	1.489768e-01	8.165956e-01	7.981154e-01	7.394542e-05	2.527916e-03	1.020292	
1 46.733668	1.214602e+02	3.996424e+01	2.496844e+01	5.810721e-01	1.490285e-01	8.168155e-01	8.156564e-01	7.392169e-05	2.528102e-03	1.020570	
1 47.738693	1.254880e+02	4.133463e+01	2.571650e+01	5.809525e-01	1.490796e-01	8.170281e-01	8.331974e-01	7.389845e-05	2.528291e-03	1.020836	
1 48.743719	1.295053e+02	4.270726e+01	2.646215e+01	5.808337e-01	1.491302e-01	8.172338e-01	8.507384e-01	7.387571e-05	2.528483e-03	1.021091	
1 49.748744	1.335075e+02	4.408092e+01	2.720489e+01	5.807158e-01	1.491801e-01	8.174328e-01	8.682794e-01	7.385350e-05	2.528678e-03	1.021333	
1 50.753769	1.374901e+02	4.545447e+01	2.794423e+01	5.805988e-01	1.492294e-01	8.176254e-01	8.858204e-01	7.383183e-05	2.528876e-03	1.021564	
1 51.758794	1.414484e+02	4.682678e+01	2.867974e+01	5.804827e-01	1.492779e-01	8.178116e-01	9.033614e-01	7.381072e-05	2.529076e-03	1.021783	
1 52.763819	1.453778e+02	4.819673e+01	2.941101e+01	5.803677e-01	1.493257e-01	8.179919e-01	9.209024e-01	7.379018e-05	2.529279e-03	1.021989	
1 53.768844	1.492740e+02	4.956325e+01	3.013764e+01	5.802537e-01	1.493726e-01	8.181662e-01	9.384434e-01	7.377022e-05	2.529485e-03	1.022182	
1 54.773869	1.531325e+02	5.092531e+01	3.085942e+01	5.801421e-01	1.494090e-01	8.183745e-01	9.559844e-01	7.375092e-05	2.529698e-03	1.022339	
1 55.778894	1.569490e+02	5.228188e+01	3.157577e+01	5.800301e-01	1.494543e-01	8.185363e-01	9.735254e-01	7.373215e-05	2.529908e-03	1.022507	
1 56.783920	1.607192e+02	5.363201e+01	3.228653e+01	5.799193e-01	1.494986e-01	8.186933e-01	9.910664e-01	7.371397e-05	2.530121e-03	1.022662	
1 57.788945	1.644390e+02	5.497475e+01	3.299144e+01	5.798096e-01	1.495419e-01	8.188451e-01	1.008607e+00	7.369641e-05	2.530337e-03	1.022804	
1 58.793970	1.681043e+02	5.630922e+01	3.369027e+01	5.797010e-01	1.495842e-01	8.189918e-01	1.026148e+00	7.367946e-05	2.530554e-03	1.022933	
1 59.798995	1.717110e+02	5.763454e+01	3.438282e+01	5.795935e-01	1.496254e-01	8.191335e-01	1.043689e+00	7.366313e-05	2.530774e-03	1.023048	
1 60.804020	1.752554e+02	5.894992e+01	3.506892e+01	5.794870e-01	1.496656e-01	8.192704e-01	1.061230e+00	7.364741e-05	2.530997e-03	1.023150	
1 61.809045	1.787336e+02	6.025458e+01	3.574843e+01	5.793817e-01	1.497046e-01	8.194024e-01	1.078771e+00	7.363230e-05	2.531221e-03	1.023238	
1 62.814070	1.821421e+02	6.154779e+01	3.642125e+01	5.792774e-01	1.497425e-01	8.195298e-01	1.096312e+00	7.361780e-05	2.531447e-03	1.023312	
1 63.819095	1.854772e+02	6.282889e+01	3.708728e+01	5.791742e-01	1.497792e-01	8.196527e-01	1.113853e+00	7.360391e-05	2.531675e-03	1.023373	
1 64.824121	1.887355e+02	6.409723e+01	3.774649e+01	5.790720e-01	1.498147e-01	8.197711e-01	1.131394e+00	7.359061e-05	2.531906e-03	1.023419	
1 65.829146	1.919139e+02	6.535223e+01	3.839883e+01	5.789708e-01	1.498490e-01	8.198852e-01	1.148935e+00	7.357790e-05	2.532138e-03	1.023451	
1 66.834171	1.950091e+02	6.659336e+01	3.904432e+01	5.788705e-01	1.498820e-01	8.199950e-01	1.166476e+00	7.356577e-05	2.532371e-03	1.023470	
1 67.839196	1.980181e+02	6.782013e+01	3.968297e+01	5.787712e-01	1.499137e-01	8.201006e-01	1.184017e+00	7.355422e-05	2.532607e-03	1.023474	
1 68.844221	2.009380e+02	6.903211e+01	4.031485e+01	5.786728e-01	1.499442e-01	8.202020e-01	1.201558e+00	7.354322e-05	2.532844e-03	1.023464	
1 69.849246	2.037662e+02	7.022890e+01	4.094002e+01	5.785752e-01	1.499733e-01	8.202995e-01	1.219099e+00	7.353277e-05	2.533083e-03	1.023440	
1 70.854271	2.065000e+02	7.141017e+01	4.155859e+01	5.784785e-01	1.500012e-01	8.203930e-01	1.236640e+00	7.352285e-05	2.533323e-03	1.023401	
1 71.859296	2.091372e+02	7.257562e+01	4.217069e+01	5.783825e-01	1.500276e-01	8.204826e-01	1.254181e+00	7.351345e-05	2.533564e-03	1.023348	
1 72.864322	2.116753e+02	7.372502e+01	4.277644e+01	5.782872e-01	1.500527e-01	8.205684e-01	1.271722e+00	7.350455e-05	2.533807e-03	1.023281	
1 73.869347	2.141123e+02	7.485818e+01	4.337603e+01	5.781926e-01	1.500765e-01	8.206504e-01	1.289263e+00	7.349614e-05	2.534051e-03	1.023200	
1 74.874372	2.164462e+02	7.597496e+01	4.396963e+01	5.780986e-01	1.500988e-01	8.207288e-01	1.306804e+00	7.348819e-05	2.534296e-03	1.023104	
1 75.879397	2.186754e+02	7.707527e+01	4.455744e+01	5.780051e-01	1.501197e-01	8.208036e-01	1.324345e+00	7.348070e-05	2.534543e-03	1.022993	
1 76.884422	2.207981e+02	7.815905e+01	4.513970e+01	5.779122e-01	1.501393e-01	8.208748e-01	1.341886e+00	7.347363e-05	2.534790e-03	1.022869	
1 77.889447	2.228129e+02	7.922631e+01	4.571663e+01	5.778196e-01	1.501574e-01	8.209425e-01	1.359427e+00	7.346697e-05	2.535038e-03	1.022730	
1 78.894472	2.247186e+02	8.027709e+01	4.628849e+01	5.777275e-01	1.501740e-01	8.210068e-01	1.376968e+00	7.346070e-05	2.535287e-03	1.022577	
1 79.899497	2.265141e+02	8.131149e+01	4.685554e+01	5.776358e-01	1.501893e-01	8.210678e-01	1.394509e+00	7.345479e-05	2.535536e-03	1.022410	
1 80.904523	2.281984e+02	8.232964e+01	4.741806e+01	5.775443e-01	1.502030e-01	8.211254e-01	1.412050e+00	7.344924e-05	2.535786e-03	1.022228	
1 81.909548	2.297708e+02	8.333171e+01	4.797636e+01	5.774530e-01	1.502154e-01	8.211798e-01	1.429591e+00	7.344401e-05	2.536037e-03	1.022033	
1 82.914573	2.312307e+02	8.431792e+01	4.853072e+01	5.773619e-01	1.502263e-01	8.212310e-01	1.447132e+00	7.343907e-05	2.536288e-03	1.021824	
1 83.919598	2.325777e+02	8.528853e+01	4.908145e+01	5.772710e-01	1.502357e-01	8.212791e-01	1.464673e+00	7.343443e-05	2.536539e-03	1.021600	
1 84.924623	2.338115e+02	8.624383e+01	4.962889e+01	5.771801e-01	1.502437e-01	8.213241e-01	1.482214e+00	7.343003e-05	2.536791e-03	1.021363	
1 85.929648	2.349321e+02	8.718415e+01	5.017335e+01	5.770892e-01	1.502502e-01	8.213660e-01	1.499755e+00	7.342587e-05	2.537043e-03	1.021112	
1 86.934673	2.359396e+02	8.810984e+01	5.071518e+01	5.769983e-01	1.502552e-01	8.214050e-01	1.517296e+00	7.342192e-05	2.537295e-03	1.020848	
1 87.939698	2.368341e+02	8.902131e+01	5.125469e+01	5.769073e-01	1.502588e-01	8.214410e-01	1.534837e+00	7.341816e-05	2.537547e-03	1.020570	
1 88.944724	2.376163e+02	8.991897e+01	5.179225e+01	5.768162e-01	1.502610e-01	8.214741e-01	1.552378e+00	7.341457e-05	2.537798e-03	1.020279	
1 89.949749	2.382866e+02	9.080327e+01	5.232819e+01	5.767249e-01	1.502617e-01	8.215045e-01	1.569919e+00	7.341112e-05	2.538050e-03	1.019975	
1 90.954774	2.388458e+02	9.167471e+01	5.286285e+01	5.766335e-01	1.502609e-01	8.215320e-01	1.587460e+00	7.340779e-05	2.538301e-03	1.019657	
1 91.959799	2.392949e+02	9.253376e+01	5.339659e+01	5.765418e-01	1.502587e-01	8.215568e-01	1.605001e+00	7.340457e-05	2.538551e-03	1.019327	
1 92.964824	2.396349e+02	9.338097e+01	5.392975e+01	5.764498e-01	1.502551e-01	8.215789e-01	1.622542e+00	7.340142e-05	2.538801e-03	1.018984	
1 93.969849	2.398671e+02	9.421687e+01	5.446266e+01	5.763574e-01	1.502501e-01	8.215983e-01	1.640083e+00	7.339832e-05	2.539051e-03	1.018629	
1 94.974874	2.399929e+02	9.504202e+01	5.499569e+01	5.762648e-01	1.502436e-01	8.216152e-01	1.657624e+00	7.339527e-05	2.539300e-03	1.018261	
1 95.979899	2.400138e+02	9.585699e+01	5.552942e+01	5.761947e-01	1.502241e-01	8.217011e-01	1.675165e+00	7.338844e-05	2.539552e-03	1.018005	
1 96.984925	2.399315e+02	9.666239e+01	5.606365e+01	5.761009e-01	1.502149e-01	8.217119e-01	1.692706e+00	7.338548e-05	2.539799e-03	1.017612	
1 97.989950	2.397478e+02	9.745879e+01	5.659899e+01	5.760069e-01	1.502044e-01	8.217207e-01	1.710247e+00	7.338248e-05	2.540045e-03	1.017209	
1 98.994975	2.394647e+02	9.824683e+01	5.713574e+01	5.759124e-01	1.501925e-01	8.217270e-01	1.727788e+00	7.337945e-05	2.540290e-03	1.016793	
1 100.000000	2.390844e+02	9.902710e+01	5.767424e+01	5.758175e-01	1.501793e-01	8.217310e-01	1.745329e+00	7.337635e-05	2.540534e-03	1.016367	

# Wed Jan 25 09:16:40 2017
##### FINIS #####
