# This file was created by 'globes-accuracy 3.1.11' using GLoBES 3.2.13
# The command line was
# ../cdr_testsetup/myacc -A3 -X-190,10 -R200 -p0.5857,0.148,0.785-1.570796,0.000075,0.002524 -E0.023,0.018,0.058,0.0,0.024,0.016 -F -d 0.02 -DNUTIME=2.92056074766 -DNUBARTIME=2.92056074766 dune_optimized_long.glb data/resdcp-90_optimized_long_q23hi_no_exp250 
#
# Thu Mar  9 14:29:09 2017

------ solution #1 out of 2 ------
-1 -190.000000	5.700014e+01	4.518291e+01	2.621487e+01	5.842803e-01	1.504804e-01	8.283330e-01	-3.316126e+00	7.478782e-05	2.540655e-03	1.013644	
-1 -188.994975	5.535842e+01	4.390088e+01	2.547142e+01	5.843267e-01	1.504201e-01	8.280143e-01	-3.298585e+00	7.480133e-05	2.540618e-03	1.013322	
-1 -187.989950	5.374219e+01	4.263949e+01	2.474013e+01	5.843716e-01	1.503599e-01	8.276923e-01	-3.281044e+00	7.481436e-05	2.540577e-03	1.013003	
-1 -186.984925	5.215184e+01	4.139897e+01	2.402117e+01	5.844152e-01	1.502999e-01	8.273671e-01	-3.263503e+00	7.482692e-05	2.540532e-03	1.012685	
-1 -185.979899	5.058771e+01	4.017954e+01	2.331468e+01	5.844574e-01	1.502402e-01	8.270387e-01	-3.245962e+00	7.483900e-05	2.540482e-03	1.012369	
-1 -184.974874	4.905011e+01	3.898140e+01	2.262077e+01	5.844981e-01	1.501807e-01	8.267069e-01	-3.228421e+00	7.485062e-05	2.540427e-03	1.012055	
-1 -183.969849	4.753935e+01	3.780469e+01	2.193956e+01	5.845375e-01	1.501216e-01	8.263717e-01	-3.210880e+00	7.486176e-05	2.540368e-03	1.011743	
-1 -182.964824	4.605567e+01	3.664959e+01	2.127114e+01	5.845755e-01	1.500628e-01	8.260331e-01	-3.193339e+00	7.487242e-05	2.540304e-03	1.011433	
-1 -181.959799	4.459932e+01	3.551620e+01	2.061560e+01	5.846120e-01	1.500043e-01	8.256911e-01	-3.175798e+00	7.488263e-05	2.540236e-03	1.011126	
-1 -180.954774	4.317049e+01	3.440462e+01	1.997300e+01	5.846473e-01	1.499462e-01	8.253455e-01	-3.158257e+00	7.489236e-05	2.540164e-03	1.010821	
-1 -179.949749	4.176935e+01	3.331495e+01	1.934340e+01	5.846811e-01	1.498886e-01	8.249963e-01	-3.140716e+00	7.490163e-05	2.540087e-03	1.010519	
-1 -178.944724	4.039604e+01	3.224722e+01	1.872685e+01	5.847136e-01	1.498313e-01	8.246435e-01	-3.123175e+00	7.491045e-05	2.540006e-03	1.010219	
-1 -177.939698	3.905069e+01	3.120149e+01	1.812337e+01	5.847447e-01	1.497746e-01	8.242868e-01	-3.105634e+00	7.491881e-05	2.539921e-03	1.009922	
-1 -176.934673	3.773338e+01	3.017777e+01	1.753297e+01	5.847745e-01	1.497183e-01	8.239264e-01	-3.088093e+00	7.492672e-05	2.539831e-03	1.009628	
-1 -175.929648	3.644417e+01	2.917605e+01	1.695567e+01	5.848030e-01	1.496625e-01	8.235620e-01	-3.070552e+00	7.493419e-05	2.539737e-03	1.009337	
-1 -174.924623	3.518310e+01	2.819632e+01	1.639145e+01	5.848302e-01	1.496073e-01	8.231935e-01	-3.053011e+00	7.494121e-05	2.539639e-03	1.009049	
-1 -173.919598	3.395017e+01	2.723852e+01	1.584029e+01	5.848561e-01	1.495527e-01	8.228209e-01	-3.035470e+00	7.494781e-05	2.539537e-03	1.008764	
-1 -172.914573	3.274538e+01	2.630261e+01	1.530216e+01	5.848808e-01	1.494986e-01	8.224440e-01	-3.017929e+00	7.495398e-05	2.539431e-03	1.008483	
-1 -171.909548	3.156867e+01	2.538850e+01	1.477700e+01	5.849042e-01	1.494452e-01	8.220626e-01	-3.000388e+00	7.495973e-05	2.539321e-03	1.008204	
-1 -170.904523	3.041998e+01	2.449609e+01	1.426478e+01	5.849264e-01	1.493924e-01	8.216766e-01	-2.982847e+00	7.496507e-05	2.539207e-03	1.007930	
-1 -169.899497	2.929922e+01	2.362527e+01	1.376540e+01	5.849474e-01	1.493404e-01	8.212859e-01	-2.965306e+00	7.497000e-05	2.539088e-03	1.007658	
-1 -168.894472	2.820628e+01	2.277592e+01	1.327880e+01	5.849673e-01	1.492890e-01	8.208903e-01	-2.947765e+00	7.497454e-05	2.538966e-03	1.007390	
-1 -167.889447	2.714103e+01	2.194789e+01	1.280488e+01	5.849860e-01	1.492384e-01	8.204895e-01	-2.930224e+00	7.497869e-05	2.538841e-03	1.007126	
-1 -166.884422	2.610329e+01	2.114101e+01	1.234354e+01	5.850036e-01	1.491886e-01	8.200834e-01	-2.912683e+00	7.498247e-05	2.538711e-03	1.006866	
-1 -165.879397	2.509290e+01	2.035512e+01	1.189467e+01	5.850201e-01	1.491395e-01	8.196718e-01	-2.895142e+00	7.498588e-05	2.538578e-03	1.006609	
-1 -164.874372	2.410965e+01	1.959002e+01	1.145814e+01	5.850355e-01	1.490913e-01	8.192543e-01	-2.877601e+00	7.498894e-05	2.538441e-03	1.006356	
-1 -163.869347	2.315332e+01	1.884550e+01	1.103382e+01	5.850500e-01	1.490440e-01	8.188307e-01	-2.860060e+00	7.499164e-05	2.538300e-03	1.006108	
-1 -162.864322	2.222368e+01	1.812136e+01	1.062157e+01	5.850634e-01	1.489976e-01	8.184008e-01	-2.842519e+00	7.499402e-05	2.538156e-03	1.005863	
-1 -161.859296	2.132046e+01	1.741736e+01	1.022123e+01	5.850759e-01	1.489521e-01	8.179641e-01	-2.824978e+00	7.499607e-05	2.538008e-03	1.005622	
-1 -160.854271	2.044339e+01	1.673326e+01	9.832647e+00	5.850875e-01	1.489076e-01	8.175203e-01	-2.807437e+00	7.499780e-05	2.537857e-03	1.005386	
-1 -159.849246	1.959218e+01	1.606881e+01	9.455649e+00	5.850982e-01	1.488641e-01	8.170691e-01	-2.789896e+00	7.499924e-05	2.537703e-03	1.005154	
-1 -158.844221	1.876650e+01	1.542375e+01	9.090058e+00	5.851081e-01	1.488217e-01	8.166100e-01	-2.772355e+00	7.500039e-05	2.537545e-03	1.004926	
-1 -157.839196	1.796605e+01	1.479780e+01	8.735687e+00	5.851171e-01	1.487803e-01	8.161426e-01	-2.754814e+00	7.500126e-05	2.537384e-03	1.004703	
-1 -156.834171	1.719047e+01	1.419068e+01	8.392342e+00	5.851254e-01	1.487401e-01	8.156663e-01	-2.737273e+00	7.500188e-05	2.537220e-03	1.004484	
-1 -155.829146	1.643942e+01	1.360210e+01	8.059822e+00	5.851330e-01	1.487010e-01	8.151807e-01	-2.719732e+00	7.500224e-05	2.537052e-03	1.004270	
-1 -154.824121	1.571252e+01	1.303176e+01	7.737918e+00	5.851399e-01	1.486632e-01	8.146851e-01	-2.702191e+00	7.500238e-05	2.536882e-03	1.004060	
-1 -153.819095	1.500939e+01	1.247934e+01	7.426414e+00	5.851462e-01	1.486266e-01	8.141789e-01	-2.684650e+00	7.500229e-05	2.536708e-03	1.003855	
-1 -152.814070	1.432964e+01	1.194454e+01	7.125089e+00	5.851519e-01	1.485914e-01	8.136614e-01	-2.667109e+00	7.500200e-05	2.536532e-03	1.003655	
-1 -151.809045	1.367286e+01	1.142704e+01	6.833714e+00	5.851570e-01	1.485575e-01	8.131317e-01	-2.649568e+00	7.500153e-05	2.536353e-03	1.003460	
-1 -150.804020	1.303865e+01	1.092649e+01	6.552056e+00	5.851617e-01	1.485251e-01	8.125891e-01	-2.632027e+00	7.500088e-05	2.536171e-03	1.003269	
-1 -149.798995	1.242656e+01	1.044258e+01	6.279876e+00	5.851659e-01	1.484941e-01	8.120327e-01	-2.614486e+00	7.500007e-05	2.535986e-03	1.003084	
-1 -148.793970	1.183618e+01	9.974961e+00	6.016929e+00	5.851697e-01	1.484647e-01	8.114615e-01	-2.596945e+00	7.499913e-05	2.535799e-03	1.002904	
-1 -147.788945	1.126705e+01	9.523293e+00	5.762966e+00	5.851732e-01	1.484370e-01	8.108743e-01	-2.579404e+00	7.499806e-05	2.535610e-03	1.002729	
-1 -146.783920	1.071873e+01	9.087230e+00	5.517734e+00	5.851764e-01	1.484109e-01	8.102702e-01	-2.561863e+00	7.499690e-05	2.535418e-03	1.002559	
-1 -145.778894	1.019077e+01	8.666422e+00	5.280975e+00	5.851794e-01	1.483866e-01	8.096480e-01	-2.544322e+00	7.499564e-05	2.535224e-03	1.002394	
-1 -144.773869	9.682699e+00	8.260518e+00	5.052429e+00	5.851822e-01	1.483642e-01	8.090064e-01	-2.526781e+00	7.499432e-05	2.535028e-03	1.002235	
-1 -143.768844	9.194055e+00	7.869165e+00	4.831831e+00	5.851849e-01	1.483437e-01	8.083442e-01	-2.509240e+00	7.499294e-05	2.534831e-03	1.002081	
-1 -142.763819	8.724367e+00	7.492006e+00	4.618917e+00	5.851876e-01	1.483251e-01	8.076603e-01	-2.491699e+00	7.499154e-05	2.534631e-03	1.001933	
-1 -141.758794	8.273161e+00	7.128688e+00	4.413419e+00	5.851902e-01	1.483087e-01	8.069537e-01	-2.474158e+00	7.499012e-05	2.534431e-03	1.001791	
-1 -140.753769	7.839961e+00	6.778853e+00	4.215070e+00	5.851929e-01	1.482943e-01	8.062236e-01	-2.456617e+00	7.498871e-05	2.534230e-03	1.001654	
-1 -139.748744	7.424288e+00	6.442145e+00	4.023603e+00	5.851958e-01	1.482821e-01	8.054695e-01	-2.439076e+00	7.498733e-05	2.534027e-03	1.001523	
-1 -138.743719	7.025664e+00	6.118210e+00	3.838756e+00	5.851988e-01	1.482720e-01	8.046916e-01	-2.421535e+00	7.498598e-05	2.533825e-03	1.001397	
-1 -137.738693	6.643608e+00	5.806693e+00	3.660271e+00	5.852021e-01	1.482640e-01	8.038909e-01	-2.403994e+00	7.498468e-05	2.533623e-03	1.001278	
-1 -136.733668	6.277641e+00	5.507244e+00	3.487896e+00	5.852056e-01	1.482581e-01	8.030694e-01	-2.386453e+00	7.498344e-05	2.533421e-03	1.001163	
-1 -135.728643	5.927284e+00	5.219512e+00	3.321393e+00	5.852095e-01	1.482539e-01	8.022302e-01	-2.368912e+00	7.498227e-05	2.533220e-03	1.001055	
-1 -134.723618	5.592063e+00	4.943150e+00	3.160535e+00	5.852136e-01	1.482513e-01	8.013782e-01	-2.351371e+00	7.498116e-05	2.533020e-03	1.000951	
-1 -133.718593	5.271502e+00	4.677816e+00	3.005113e+00	5.852180e-01	1.482500e-01	8.005193e-01	-2.333830e+00	7.498012e-05	2.532822e-03	1.000852	
-1 -132.713568	4.965131e+00	4.423170e+00	2.854938e+00	5.852227e-01	1.482494e-01	7.996610e-01	-2.316289e+00	7.497913e-05	2.532626e-03	1.000758	
-1 -131.708543	4.672483e+00	4.178876e+00	2.709841e+00	5.852277e-01	1.482492e-01	7.988113e-01	-2.298748e+00	7.497819e-05	2.532432e-03	1.000669	
-1 -130.703518	4.393097e+00	3.944604e+00	2.569672e+00	5.852327e-01	1.482491e-01	7.979771e-01	-2.281207e+00	7.497727e-05	2.532239e-03	1.000583	
-1 -129.698492	4.126517e+00	3.720030e+00	2.434310e+00	5.852347e-01	1.482426e-01	7.972282e-01	-2.263666e+00	7.497645e-05	2.532051e-03	1.000506	
-1 -128.693467	3.872292e+00	3.504833e+00	2.303617e+00	5.852402e-01	1.482443e-01	7.964223e-01	-2.246125e+00	7.497544e-05	2.531862e-03	1.000427	
-1 -127.688442	3.629977e+00	3.298700e+00	2.177505e+00	5.852457e-01	1.482450e-01	7.956513e-01	-2.228584e+00	7.497441e-05	2.531674e-03	1.000351	
-1 -126.683417	3.399137e+00	3.101325e+00	2.055876e+00	5.852514e-01	1.482452e-01	7.949083e-01	-2.211043e+00	7.497348e-05	2.531487e-03	1.000275	
-1 -125.678392	3.179343e+00	2.912407e+00	1.938640e+00	5.852569e-01	1.482420e-01	7.942200e-01	-2.193502e+00	7.497262e-05	2.531301e-03	1.000206	
-1 -124.673367	2.970176e+00	2.731654e+00	1.825703e+00	5.852625e-01	1.482375e-01	7.935736e-01	-2.175961e+00	7.497166e-05	2.531114e-03	1.000140	
-1 -123.668342	2.771223e+00	2.558781e+00	1.716975e+00	5.852681e-01	1.482319e-01	7.929664e-01	-2.158420e+00	7.497065e-05	2.530927e-03	1.000076	
-1 -122.663317	2.582085e+00	2.393511e+00	1.612364e+00	5.852739e-01	1.482254e-01	7.923957e-01	-2.140879e+00	7.496963e-05	2.530740e-03	1.000016	
-1 -121.658291	2.402370e+00	2.235577e+00	1.511777e+00	5.852797e-01	1.482182e-01	7.918595e-01	-2.123338e+00	7.496862e-05	2.530552e-03	0.999958	
-1 -120.653266	2.231700e+00	2.084718e+00	1.415120e+00	5.852857e-01	1.482102e-01	7.913558e-01	-2.105797e+00	7.496764e-05	2.530363e-03	0.999903	
-1 -119.648241	2.069704e+00	1.940685e+00	1.322297e+00	5.852918e-01	1.482017e-01	7.908826e-01	-2.088256e+00	7.496670e-05	2.530173e-03	0.999851	
-1 -118.643216	1.916027e+00	1.803237e+00	1.233213e+00	5.852983e-01	1.481928e-01	7.904380e-01	-2.070715e+00	7.496581e-05	2.529981e-03	0.999803	
-1 -117.638191	1.770324e+00	1.672143e+00	1.147774e+00	5.853101e-01	1.481832e-01	7.900002e-01	-2.053174e+00	7.496489e-05	2.529788e-03	0.999771	
-1 -116.633166	1.632265e+00	1.547182e+00	1.065885e+00	5.853170e-01	1.481735e-01	7.896070e-01	-2.035633e+00	7.496405e-05	2.529594e-03	0.999729	
-1 -115.628141	1.501531e+00	1.428145e+00	9.874545e-01	5.853243e-01	1.481635e-01	7.892370e-01	-2.018092e+00	7.496331e-05	2.529399e-03	0.999690	
-1 -114.623116	1.377818e+00	1.314830e+00	9.123950e-01	5.853319e-01	1.481530e-01	7.888904e-01	-2.000551e+00	7.496182e-05	2.529198e-03	0.999649	
-1 -113.618090	1.260837e+00	1.207050e+00	8.406219e-01	5.853403e-01	1.481428e-01	7.885664e-01	-1.983010e+00	7.496139e-05	2.528999e-03	0.999618	
-1 -112.613065	1.150312e+00	1.104627e+00	7.720547e-01	5.853491e-01	1.481326e-01	7.882609e-01	-1.965469e+00	7.496106e-05	2.528799e-03	0.999591	
-1 -111.608040	1.045982e+00	1.007395e+00	7.066185e-01	5.853584e-01	1.481226e-01	7.879730e-01	-1.947928e+00	7.496086e-05	2.528598e-03	0.999568	
-1 -110.603015	9.476041e-01	9.151985e-01	6.442434e-01	5.853683e-01	1.481127e-01	7.877020e-01	-1.930387e+00	7.496078e-05	2.528395e-03	0.999548	
-1 -109.597990	8.549477e-01	8.278960e-01	5.848663e-01	5.853787e-01	1.481030e-01	7.874473e-01	-1.912846e+00	7.496084e-05	2.528190e-03	0.999532	
-1 -108.592965	7.678001e-01	7.453564e-01	5.284305e-01	5.853896e-01	1.480936e-01	7.872080e-01	-1.895305e+00	7.496104e-05	2.527984e-03	0.999520	
-1 -107.587940	6.859647e-01	6.674613e-01	4.748865e-01	5.854012e-01	1.480846e-01	7.869837e-01	-1.877764e+00	7.496142e-05	2.527777e-03	0.999512	
-1 -106.582915	6.092612e-01	5.941046e-01	4.241923e-01	5.854122e-01	1.480753e-01	7.867739e-01	-1.860223e+00	7.496239e-05	2.527572e-03	0.999509	
-1 -105.577889	5.375266e-01	5.251926e-01	3.763143e-01	5.854249e-01	1.480667e-01	7.865773e-01	-1.842682e+00	7.496317e-05	2.527362e-03	0.999509	
-1 -104.572864	4.706148e-01	4.606443e-01	3.312268e-01	5.854382e-01	1.480586e-01	7.863940e-01	-1.825141e+00	7.496413e-05	2.527152e-03	0.999513	
-1 -103.567839	4.083969e-01	4.003916e-01	2.889129e-01	5.854521e-01	1.480510e-01	7.862234e-01	-1.807600e+00	7.496528e-05	2.526941e-03	0.999521	
-1 -102.562814	3.507618e-01	3.443791e-01	2.493644e-01	5.854666e-01	1.480437e-01	7.860650e-01	-1.790059e+00	7.496662e-05	2.526728e-03	0.999532	
-1 -101.557789	2.976159e-01	2.925643e-01	2.125824e-01	5.854817e-01	1.480370e-01	7.859186e-01	-1.772518e+00	7.496816e-05	2.526514e-03	0.999548	
-1 -100.552764	2.488837e-01	2.449178e-01	1.785772e-01	5.854975e-01	1.480308e-01	7.857836e-01	-1.754977e+00	7.496989e-05	2.526300e-03	0.999567	
-1 -99.547739	2.045074e-01	2.014232e-01	1.473685e-01	5.855138e-01	1.480251e-01	7.856599e-01	-1.737436e+00	7.497182e-05	2.526084e-03	0.999590	
-1 -98.542714	1.644473e-01	1.620773e-01	1.189859e-01	5.855309e-01	1.480199e-01	7.855470e-01	-1.719895e+00	7.497395e-05	2.525868e-03	0.999617	
-1 -97.537688	1.286821e-01	1.268898e-01	9.346864e-02	5.855485e-01	1.480153e-01	7.854448e-01	-1.702354e+00	7.497628e-05	2.525651e-03	0.999648	
-1 -96.532663	9.720835e-02	9.588366e-02	7.086564e-02	5.855668e-01	1.480113e-01	7.853530e-01	-1.684813e+00	7.497881e-05	2.525433e-03	0.999683	
-1 -95.527638	7.004117e-02	6.909509e-02	5.123593e-02	5.855857e-01	1.480078e-01	7.852714e-01	-1.667272e+00	7.498154e-05	2.525214e-03	0.999721	
-1 -94.522613	4.721372e-02	4.657325e-02	3.464840e-02	5.856052e-01	1.480050e-01	7.851999e-01	-1.649731e+00	7.498447e-05	2.524995e-03	0.999763	
-1 -93.517588	2.877746e-02	2.838041e-02	2.118196e-02	5.856253e-01	1.480028e-01	7.851389e-01	-1.632190e+00	7.498756e-05	2.524774e-03	0.999809	
-1 -92.512563	1.480202e-02	1.459185e-02	1.092545e-02	5.856460e-01	1.480014e-01	7.850863e-01	-1.614649e+00	7.499087e-05	2.524554e-03	0.999859	
-1 -91.507538	5.375196e-03	5.295831e-03	3.977614e-03	5.856672e-01	1.480001e-01	7.850458e-01	-1.597108e+00	7.499439e-05	2.524333e-03	0.999913	
-1 -90.502513	6.028035e-04	5.934658e-04	4.471167e-04	5.856889e-01	1.479999e-01	7.850126e-01	-1.579567e+00	7.499808e-05	2.524111e-03	0.999970	
0 -89.999980	2.524000e-03	7.500000e-05	8.986084e-13	5.857000e-01	1.480000e-01	7.850000e-01	-1.570796e+00	7.500000e-05	2.524000e-03	1.000000	
1 -89.497487	6.086131e-04	5.986510e-04	4.523887e-04	5.857112e-01	1.480002e-01	7.849898e-01	-1.562026e+00	7.500196e-05	2.523889e-03	1.000031	
1 -88.492462	5.534206e-03	5.437948e-03	4.121552e-03	5.857340e-01	1.480013e-01	7.849759e-01	-1.544485e+00	7.500601e-05	2.523666e-03	1.000096	
1 -87.487437	1.553882e-02	1.525046e-02	1.159229e-02	5.857572e-01	1.480026e-01	7.849739e-01	-1.526944e+00	7.501024e-05	2.523444e-03	1.000164	
1 -86.482412	3.079918e-02	3.018768e-02	2.301168e-02	5.857810e-01	1.480050e-01	7.849789e-01	-1.509403e+00	7.501462e-05	2.523221e-03	1.000236	
1 -85.477387	5.150930e-02	5.041337e-02	3.853609e-02	5.858050e-01	1.480077e-01	7.849963e-01	-1.491862e+00	7.501917e-05	2.522997e-03	1.000312	
1 -84.472362	7.788025e-02	7.610333e-02	5.833089e-02	5.858295e-01	1.480111e-01	7.850224e-01	-1.474321e+00	7.502387e-05	2.522774e-03	1.000391	
1 -83.467337	1.101399e-01	1.074453e-01	8.257027e-02	5.858543e-01	1.480152e-01	7.850584e-01	-1.456780e+00	7.502870e-05	2.522550e-03	1.000474	
1 -82.462312	1.485328e-01	1.446386e-01	1.114369e-01	5.858797e-01	1.480205e-01	7.851013e-01	-1.439239e+00	7.503363e-05	2.522326e-03	1.000560	
1 -81.457286	1.933195e-01	1.878942e-01	1.451221e-01	5.859052e-01	1.480260e-01	7.851567e-01	-1.421698e+00	7.503871e-05	2.522102e-03	1.000650	
1 -80.452261	2.447768e-01	2.374342e-01	1.838248e-01	5.859309e-01	1.480321e-01	7.852224e-01	-1.404157e+00	7.504390e-05	2.521879e-03	1.000743	
1 -79.447236	3.031969e-01	2.934918e-01	2.277520e-01	5.859569e-01	1.480388e-01	7.852986e-01	-1.386616e+00	7.504919e-05	2.521655e-03	1.000840	
1 -78.442211	3.688876e-01	3.563107e-01	2.771177e-01	5.859831e-01	1.480461e-01	7.853855e-01	-1.369075e+00	7.505457e-05	2.521431e-03	1.000940	
1 -77.437186	4.421711e-01	4.261454e-01	3.321431e-01	5.860094e-01	1.480540e-01	7.854833e-01	-1.351534e+00	7.506003e-05	2.521207e-03	1.001044	
1 -76.432161	5.233845e-01	5.032605e-01	3.930560e-01	5.860357e-01	1.480625e-01	7.855922e-01	-1.333993e+00	7.506555e-05	2.520984e-03	1.001151	
1 -75.427136	6.128790e-01	5.879303e-01	4.600905e-01	5.860621e-01	1.480716e-01	7.857127e-01	-1.316452e+00	7.507113e-05	2.520761e-03	1.001261	
1 -74.422111	7.110191e-01	6.804391e-01	5.334860e-01	5.860885e-01	1.480813e-01	7.858450e-01	-1.298911e+00	7.507674e-05	2.520538e-03	1.001375	
1 -73.417085	8.181830e-01	7.810799e-01	6.134877e-01	5.861149e-01	1.480914e-01	7.859896e-01	-1.281370e+00	7.508237e-05	2.520315e-03	1.001492	
1 -72.412060	9.347612e-01	8.901552e-01	7.003451e-01	5.861411e-01	1.481021e-01	7.861467e-01	-1.263829e+00	7.508802e-05	2.520093e-03	1.001612	
1 -71.407035	1.061157e+00	1.007976e+00	7.943122e-01	5.861671e-01	1.481133e-01	7.863170e-01	-1.246288e+00	7.509366e-05	2.519871e-03	1.001735	
1 -70.402010	1.197784e+00	1.134861e+00	8.956465e-01	5.861930e-01	1.481249e-01	7.865008e-01	-1.228747e+00	7.509928e-05	2.519650e-03	1.001862	
1 -69.396985	1.345069e+00	1.271136e+00	1.004609e+00	5.862185e-01	1.481370e-01	7.866988e-01	-1.211206e+00	7.510486e-05	2.519429e-03	1.001991	
1 -68.391960	1.503448e+00	1.417138e+00	1.121461e+00	5.862437e-01	1.481494e-01	7.869116e-01	-1.193665e+00	7.511038e-05	2.519209e-03	1.002124	
1 -67.386935	1.673368e+00	1.573206e+00	1.246469e+00	5.862685e-01	1.481623e-01	7.871397e-01	-1.176124e+00	7.511584e-05	2.518989e-03	1.002259	
1 -66.381910	1.855284e+00	1.739688e+00	1.379898e+00	5.862929e-01	1.481754e-01	7.873840e-01	-1.158583e+00	7.512120e-05	2.518771e-03	1.002398	
1 -65.376884	2.049663e+00	1.916940e+00	1.522014e+00	5.863167e-01	1.481888e-01	7.876452e-01	-1.141042e+00	7.512645e-05	2.518552e-03	1.002539	
1 -64.371859	2.256975e+00	2.105320e+00	1.673082e+00	5.863399e-01	1.482025e-01	7.879242e-01	-1.123501e+00	7.513158e-05	2.518335e-03	1.002683	
1 -63.366834	2.477704e+00	2.305195e+00	1.833366e+00	5.863625e-01	1.482163e-01	7.882219e-01	-1.105960e+00	7.513655e-05	2.518118e-03	1.002830	
1 -62.361809	2.712336e+00	2.516933e+00	2.003127e+00	5.863844e-01	1.482303e-01	7.885394e-01	-1.088419e+00	7.514136e-05	2.517903e-03	1.002980	
1 -61.356784	2.961365e+00	2.740910e+00	2.182624e+00	5.864055e-01	1.482443e-01	7.888779e-01	-1.070878e+00	7.514598e-05	2.517688e-03	1.003132	
1 -60.351759	3.225291e+00	2.977504e+00	2.372110e+00	5.864257e-01	1.482583e-01	7.892385e-01	-1.053337e+00	7.515039e-05	2.517475e-03	1.003287	
1 -59.346734	3.504619e+00	3.227096e+00	2.571834e+00	5.864449e-01	1.482722e-01	7.896226e-01	-1.035796e+00	7.515457e-05	2.517263e-03	1.003444	
1 -58.341709	3.799858e+00	3.490071e+00	2.782039e+00	5.864632e-01	1.482860e-01	7.900316e-01	-1.018255e+00	7.515850e-05	2.517052e-03	1.003603	
1 -57.336683	4.111520e+00	3.766817e+00	3.002957e+00	5.864804e-01	1.482995e-01	7.904671e-01	-1.000714e+00	7.516214e-05	2.516843e-03	1.003765	
1 -56.331658	4.440120e+00	4.057721e+00	3.234815e+00	5.864965e-01	1.483126e-01	7.909307e-01	-9.831729e-01	7.516549e-05	2.516635e-03	1.003928	
1 -55.326633	4.786176e+00	4.363174e+00	3.477828e+00	5.865113e-01	1.483253e-01	7.914242e-01	-9.656319e-01	7.516852e-05	2.516429e-03	1.004094	
1 -54.321608	5.150205e+00	4.683567e+00	3.732200e+00	5.865249e-01	1.483374e-01	7.919492e-01	-9.480909e-01	7.517119e-05	2.516225e-03	1.004262	
1 -53.316583	5.532727e+00	5.019291e+00	3.998123e+00	5.865371e-01	1.483489e-01	7.925076e-01	-9.305499e-01	7.517350e-05	2.516023e-03	1.004431	
1 -52.311558	5.934261e+00	5.370736e+00	4.275776e+00	5.865478e-01	1.483597e-01	7.931010e-01	-9.130089e-01	7.517542e-05	2.515824e-03	1.004602	
1 -51.306533	6.355324e+00	5.738293e+00	4.565322e+00	5.865571e-01	1.483696e-01	7.937309e-01	-8.954679e-01	7.517693e-05	2.515628e-03	1.004775	
1 -50.301508	6.796432e+00	6.122348e+00	4.866911e+00	5.865649e-01	1.483785e-01	7.943984e-01	-8.779269e-01	7.517801e-05	2.515434e-03	1.004949	
1 -49.296482	7.258097e+00	6.523289e+00	5.180679e+00	5.865710e-01	1.483866e-01	7.951041e-01	-8.603859e-01	7.517864e-05	2.515245e-03	1.005125	
1 -48.291457	7.740830e+00	6.941498e+00	5.506747e+00	5.865755e-01	1.483937e-01	7.958477e-01	-8.428449e-01	7.517883e-05	2.515059e-03	1.005302	
1 -47.286432	8.245135e+00	7.377355e+00	5.845225e+00	5.865784e-01	1.483999e-01	7.966280e-01	-8.253039e-01	7.517855e-05	2.514878e-03	1.005480	
1 -46.281407	8.771512e+00	7.831237e+00	6.196214e+00	5.865796e-01	1.484054e-01	7.974426e-01	-8.077629e-01	7.517781e-05	2.514702e-03	1.005660	
1 -45.276382	9.320455e+00	8.303514e+00	6.559810e+00	5.865792e-01	1.484103e-01	7.982874e-01	-7.902219e-01	7.517662e-05	2.514532e-03	1.005842	
1 -44.271357	9.892452e+00	8.794553e+00	6.936104e+00	5.865771e-01	1.484150e-01	7.991572e-01	-7.726809e-01	7.517500e-05	2.514368e-03	1.006025	
1 -43.266332	1.048798e+01	9.304714e+00	7.325194e+00	5.865735e-01	1.484196e-01	8.000454e-01	-7.551399e-01	7.517295e-05	2.514210e-03	1.006211	
1 -42.261307	1.110751e+01	9.834351e+00	7.727182e+00	5.865683e-01	1.484248e-01	8.009449e-01	-7.375989e-01	7.517051e-05	2.514059e-03	1.006399	
1 -41.256281	1.175151e+01	1.038381e+01	8.142180e+00	5.865616e-01	1.484307e-01	8.018481e-01	-7.200579e-01	7.516769e-05	2.513915e-03	1.006590	
1 -40.251256	1.242043e+01	1.095343e+01	8.570310e+00	5.865535e-01	1.484379e-01	8.027480e-01	-7.025170e-01	7.516451e-05	2.513777e-03	1.006784	
1 -39.246231	1.311470e+01	1.154354e+01	9.011704e+00	5.865440e-01	1.484466e-01	8.036382e-01	-6.849760e-01	7.516098e-05	2.513646e-03	1.006981	
1 -38.241206	1.383475e+01	1.215447e+01	9.466501e+00	5.865331e-01	1.484571e-01	8.045139e-01	-6.674350e-01	7.515711e-05	2.513521e-03	1.007182	
1 -37.236181	1.458100e+01	1.278652e+01	9.934844e+00	5.865208e-01	1.484695e-01	8.053713e-01	-6.498940e-01	7.515290e-05	2.513403e-03	1.007386	
1 -36.231156	1.535386e+01	1.343999e+01	1.041688e+01	5.865071e-01	1.484841e-01	8.062078e-01	-6.323530e-01	7.514835e-05	2.513290e-03	1.007594	
1 -35.226131	1.615370e+01	1.411518e+01	1.091275e+01	5.864919e-01	1.485008e-01	8.070219e-01	-6.148120e-01	7.514344e-05	2.513183e-03	1.007806	
1 -34.221106	1.698090e+01	1.481236e+01	1.142260e+01	5.864753e-01	1.485196e-01	8.078131e-01	-5.972710e-01	7.513818e-05	2.513081e-03	1.008022	
1 -33.216080	1.783581e+01	1.553180e+01	1.194656e+01	5.864571e-01	1.485407e-01	8.085813e-01	-5.797300e-01	7.513254e-05	2.512985e-03	1.008241	
1 -32.211055	1.871877e+01	1.627375e+01	1.248474e+01	5.864373e-01	1.485639e-01	8.093270e-01	-5.621890e-01	7.512652e-05	2.512893e-03	1.008464	
1 -31.206030	1.963011e+01	1.703845e+01	1.303726e+01	5.864159e-01	1.485891e-01	8.100510e-01	-5.446480e-01	7.512009e-05	2.512806e-03	1.008691	
1 -30.201005	2.057012e+01	1.782613e+01	1.360422e+01	5.863927e-01	1.486164e-01	8.107541e-01	-5.271070e-01	7.511324e-05	2.512723e-03	1.008921	
1 -29.195980	2.153908e+01	1.863699e+01	1.418570e+01	5.863679e-01	1.486455e-01	8.114375e-01	-5.095660e-01	7.510596e-05	2.512645e-03	1.009155	
1 -28.190955	2.253725e+01	1.947122e+01	1.478177e+01	5.863412e-01	1.486766e-01	8.121022e-01	-4.920250e-01	7.509822e-05	2.512571e-03	1.009392	
1 -27.185930	2.356488e+01	2.032901e+01	1.539248e+01	5.863127e-01	1.487094e-01	8.127492e-01	-4.744840e-01	7.509003e-05	2.512502e-03	1.009632	
1 -26.180905	2.462218e+01	2.121051e+01	1.601788e+01	5.862823e-01	1.487440e-01	8.133796e-01	-4.569430e-01	7.508136e-05	2.512437e-03	1.009876	
1 -25.175879	2.570934e+01	2.211586e+01	1.665797e+01	5.862500e-01	1.487801e-01	8.139944e-01	-4.394020e-01	7.507220e-05	2.512376e-03	1.010122	
1 -24.170854	2.682654e+01	2.304520e+01	1.731278e+01	5.862158e-01	1.488179e-01	8.145945e-01	-4.218610e-01	7.506253e-05	2.512319e-03	1.010372	
1 -23.165829	2.797392e+01	2.399861e+01	1.798228e+01	5.861795e-01	1.488572e-01	8.151808e-01	-4.043200e-01	7.505236e-05	2.512266e-03	1.010624	
1 -22.160804	2.915161e+01	2.497619e+01	1.866644e+01	5.861413e-01	1.488979e-01	8.157541e-01	-3.867790e-01	7.504167e-05	2.512218e-03	1.010879	
1 -21.155779	3.035969e+01	2.597801e+01	1.936521e+01	5.861010e-01	1.489399e-01	8.163152e-01	-3.692380e-01	7.503044e-05	2.512173e-03	1.011137	
1 -20.150754	3.159824e+01	2.700410e+01	2.007858e+01	5.860569e-01	1.489703e-01	8.169314e-01	-3.516970e-01	7.501944e-05	2.512135e-03	1.011406	
1 -19.145729	3.286729e+01	2.805448e+01	2.080637e+01	5.860125e-01	1.490155e-01	8.174664e-01	-3.341560e-01	7.500714e-05	2.512099e-03	1.011669	
1 -18.140704	3.416687e+01	2.912917e+01	2.154852e+01	5.859659e-01	1.490620e-01	8.179911e-01	-3.166150e-01	7.499429e-05	2.512067e-03	1.011935	
1 -17.135678	3.549694e+01	3.022812e+01	2.230491e+01	5.859172e-01	1.491096e-01	8.185062e-01	-2.990740e-01	7.498088e-05	2.512039e-03	1.012203	
1 -16.130653	3.685748e+01	3.135131e+01	2.307540e+01	5.858663e-01	1.491583e-01	8.190123e-01	-2.815330e-01	7.496692e-05	2.512015e-03	1.012473	
1 -15.125628	3.824840e+01	3.249865e+01	2.385984e+01	5.858134e-01	1.492080e-01	8.195096e-01	-2.639920e-01	7.495239e-05	2.511995e-03	1.012746	
1 -14.120603	3.966959e+01	3.367006e+01	2.465804e+01	5.857583e-01	1.492587e-01	8.199987e-01	-2.464510e-01	7.493730e-05	2.511980e-03	1.013020	
1 -13.115578	4.112092e+01	3.486542e+01	2.546981e+01	5.857011e-01	1.493104e-01	8.204798e-01	-2.289100e-01	7.492165e-05	2.511968e-03	1.013297	
1 -12.110553	4.260223e+01	3.608457e+01	2.629494e+01	5.856418e-01	1.493631e-01	8.209532e-01	-2.113690e-01	7.490543e-05	2.511961e-03	1.013575	
1 -11.105528	4.411330e+01	3.732736e+01	2.713319e+01	5.855803e-01	1.494166e-01	8.214193e-01	-1.938280e-01	7.488865e-05	2.511958e-03	1.013856	
1 -10.100503	4.565391e+01	3.859359e+01	2.798432e+01	5.855168e-01	1.494709e-01	8.218784e-01	-1.762870e-01	7.487130e-05	2.511960e-03	1.014138	
1 -9.095477	4.722378e+01	3.988303e+01	2.884804e+01	5.854512e-01	1.495260e-01	8.223306e-01	-1.587460e-01	7.485340e-05	2.511965e-03	1.014422	
1 -8.090452	4.882263e+01	4.119544e+01	2.972408e+01	5.853835e-01	1.495819e-01	8.227762e-01	-1.412050e-01	7.483494e-05	2.511975e-03	1.014708	
1 -7.085427	5.045010e+01	4.253054e+01	3.061211e+01	5.853138e-01	1.496385e-01	8.232154e-01	-1.236640e-01	7.481593e-05	2.511990e-03	1.014995	
1 -6.080402	5.210585e+01	4.388802e+01	3.151183e+01	5.852420e-01	1.496958e-01	8.236484e-01	-1.061230e-01	7.479638e-05	2.512008e-03	1.015283	
1 -5.075377	5.378945e+01	4.526755e+01	3.242288e+01	5.851683e-01	1.497537e-01	8.240754e-01	-8.858204e-02	7.477628e-05	2.512031e-03	1.015573	
1 -4.070352	5.550048e+01	4.666878e+01	3.334490e+01	5.850926e-01	1.498123e-01	8.244964e-01	-7.104104e-02	7.475565e-05	2.512058e-03	1.015864	
1 -3.065327	5.723846e+01	4.809131e+01	3.427751e+01	5.850150e-01	1.498714e-01	8.249118e-01	-5.350004e-02	7.473450e-05	2.512089e-03	1.016157	
1 -2.060302	5.900288e+01	4.953473e+01	3.522031e+01	5.849355e-01	1.499311e-01	8.253215e-01	-3.595904e-02	7.471283e-05	2.512124e-03	1.016450	
1 -1.055276	6.079319e+01	5.099859e+01	3.617290e+01	5.848541e-01	1.499912e-01	8.257258e-01	-1.841805e-02	7.469065e-05	2.512164e-03	1.016744	
1 -0.050251	6.260883e+01	5.248242e+01	3.713483e+01	5.847709e-01	1.500519e-01	8.261246e-01	-8.770499e-04	7.466798e-05	2.512208e-03	1.017039	
1 0.954774	6.444917e+01	5.398570e+01	3.810566e+01	5.846860e-01	1.501129e-01	8.265182e-01	1.666395e-02	7.464483e-05	2.512257e-03	1.017335	
1 1.959799	6.631356e+01	5.550792e+01	3.908493e+01	5.845993e-01	1.501744e-01	8.269066e-01	3.420495e-02	7.462120e-05	2.512310e-03	1.017632	
1 2.964824	6.820132e+01	5.704851e+01	4.007216e+01	5.845110e-01	1.502362e-01	8.272899e-01	5.174594e-02	7.459712e-05	2.512367e-03	1.017929	
1 3.969849	7.011172e+01	5.860687e+01	4.106684e+01	5.844210e-01	1.502984e-01	8.276682e-01	6.928694e-02	7.457259e-05	2.512428e-03	1.018226	
1 4.974874	7.204402e+01	6.018238e+01	4.206848e+01	5.843296e-01	1.503608e-01	8.280414e-01	8.682794e-02	7.454763e-05	2.512494e-03	1.018524	
1 5.979899	7.399741e+01	6.177440e+01	4.307655e+01	5.842366e-01	1.504235e-01	8.284098e-01	1.043689e-01	7.452226e-05	2.512564e-03	1.018822	
1 6.984925	7.597107e+01	6.338225e+01	4.409050e+01	5.841421e-01	1.504864e-01	8.287733e-01	1.219099e-01	7.449649e-05	2.512638e-03	1.019120	
1 7.989950	7.796414e+01	6.500523e+01	4.510980e+01	5.840464e-01	1.505495e-01	8.291320e-01	1.394509e-01	7.447035e-05	2.512717e-03	1.019419	
1 8.994975	7.997572e+01	6.664259e+01	4.613386e+01	5.839493e-01	1.506128e-01	8.294859e-01	1.569919e-01	7.444384e-05	2.512799e-03	1.019717	
1 10.000000	8.200488e+01	6.829358e+01	4.716213e+01	5.838509e-01	1.506762e-01	8.298351e-01	1.745329e-01	7.441699e-05	2.512887e-03	1.020015	
------ solution #2 out of 2 ------
-1 -190.000000	5.700014e+01	4.518291e+01	2.621487e+01	5.842803e-01	1.504804e-01	8.283330e-01	-3.316126e+00	7.478782e-05	2.540655e-03	1.013644	
-1 -188.994975	5.535842e+01	4.390088e+01	2.547142e+01	5.843267e-01	1.504201e-01	8.280143e-01	-3.298585e+00	7.480133e-05	2.540618e-03	1.013322	
-1 -187.989950	5.374219e+01	4.263949e+01	2.474013e+01	5.843716e-01	1.503599e-01	8.276923e-01	-3.281044e+00	7.481436e-05	2.540577e-03	1.013003	
-1 -186.984925	5.215184e+01	4.139897e+01	2.402117e+01	5.844152e-01	1.502999e-01	8.273671e-01	-3.263503e+00	7.482692e-05	2.540532e-03	1.012685	
-1 -185.979899	5.058771e+01	4.017954e+01	2.331468e+01	5.844574e-01	1.502402e-01	8.270387e-01	-3.245962e+00	7.483900e-05	2.540482e-03	1.012369	
-1 -184.974874	4.905011e+01	3.898140e+01	2.262077e+01	5.844981e-01	1.501807e-01	8.267069e-01	-3.228421e+00	7.485062e-05	2.540427e-03	1.012055	
-1 -183.969849	4.753935e+01	3.780469e+01	2.193956e+01	5.845375e-01	1.501216e-01	8.263717e-01	-3.210880e+00	7.486176e-05	2.540368e-03	1.011743	
-1 -182.964824	4.605567e+01	3.664959e+01	2.127114e+01	5.845755e-01	1.500628e-01	8.260331e-01	-3.193339e+00	7.487242e-05	2.540304e-03	1.011433	
-1 -181.959799	4.459932e+01	3.551620e+01	2.061560e+01	5.846120e-01	1.500043e-01	8.256911e-01	-3.175798e+00	7.488263e-05	2.540236e-03	1.011126	
-1 -180.954774	4.317049e+01	3.440462e+01	1.997300e+01	5.846473e-01	1.499462e-01	8.253455e-01	-3.158257e+00	7.489236e-05	2.540164e-03	1.010821	
-1 -179.949749	4.176935e+01	3.331495e+01	1.934340e+01	5.846811e-01	1.498886e-01	8.249963e-01	-3.140716e+00	7.490164e-05	2.540087e-03	1.010519	
-1 -178.944724	4.039604e+01	3.224722e+01	1.872685e+01	5.847136e-01	1.498313e-01	8.246435e-01	-3.123175e+00	7.491045e-05	2.540006e-03	1.010219	
-1 -177.939698	3.905069e+01	3.120149e+01	1.812337e+01	5.847447e-01	1.497746e-01	8.242868e-01	-3.105634e+00	7.491881e-05	2.539921e-03	1.009922	
-1 -176.934673	3.773338e+01	3.017777e+01	1.753297e+01	5.847745e-01	1.497183e-01	8.239264e-01	-3.088093e+00	7.492672e-05	2.539831e-03	1.009628	
-1 -175.929648	3.644417e+01	2.917605e+01	1.695567e+01	5.848030e-01	1.496625e-01	8.235620e-01	-3.070552e+00	7.493419e-05	2.539737e-03	1.009337	
-1 -174.924623	3.518310e+01	2.819632e+01	1.639145e+01	5.848302e-01	1.496073e-01	8.231935e-01	-3.053011e+00	7.494121e-05	2.539639e-03	1.009049	
-1 -173.919598	3.395017e+01	2.723852e+01	1.584029e+01	5.848561e-01	1.495527e-01	8.228209e-01	-3.035470e+00	7.494781e-05	2.539537e-03	1.008764	
-1 -172.914573	3.274538e+01	2.630261e+01	1.530216e+01	5.848808e-01	1.494986e-01	8.224440e-01	-3.017929e+00	7.495398e-05	2.539431e-03	1.008483	
-1 -171.909548	3.156867e+01	2.538850e+01	1.477700e+01	5.849042e-01	1.494452e-01	8.220626e-01	-3.000388e+00	7.495973e-05	2.539321e-03	1.008204	
-1 -170.904523	3.041998e+01	2.449609e+01	1.426478e+01	5.849264e-01	1.493924e-01	8.216766e-01	-2.982847e+00	7.496507e-05	2.539207e-03	1.007930	
-1 -169.899497	2.929922e+01	2.362527e+01	1.376540e+01	5.849474e-01	1.493404e-01	8.212859e-01	-2.965306e+00	7.497000e-05	2.539088e-03	1.007658	
-1 -168.894472	2.820628e+01	2.277592e+01	1.327880e+01	5.849673e-01	1.492890e-01	8.208903e-01	-2.947765e+00	7.497454e-05	2.538966e-03	1.007390	
-1 -167.889447	2.714103e+01	2.194789e+01	1.280488e+01	5.849860e-01	1.492384e-01	8.204895e-01	-2.930224e+00	7.497869e-05	2.538841e-03	1.007126	
-1 -166.884422	2.610329e+01	2.114101e+01	1.234354e+01	5.850036e-01	1.491886e-01	8.200834e-01	-2.912683e+00	7.498247e-05	2.538711e-03	1.006866	
-1 -165.879397	2.509290e+01	2.035512e+01	1.189467e+01	5.850201e-01	1.491395e-01	8.196718e-01	-2.895142e+00	7.498588e-05	2.538578e-03	1.006609	
-1 -164.874372	2.410965e+01	1.959002e+01	1.145814e+01	5.850355e-01	1.490913e-01	8.192543e-01	-2.877601e+00	7.498894e-05	2.538441e-03	1.006356	
-1 -163.869347	2.315332e+01	1.884550e+01	1.103382e+01	5.850500e-01	1.490440e-01	8.188307e-01	-2.860060e+00	7.499164e-05	2.538300e-03	1.006108	
-1 -162.864322	2.222368e+01	1.812136e+01	1.062157e+01	5.850634e-01	1.489976e-01	8.184008e-01	-2.842519e+00	7.499402e-05	2.538156e-03	1.005863	
-1 -161.859296	2.132046e+01	1.741736e+01	1.022123e+01	5.850759e-01	1.489521e-01	8.179641e-01	-2.824978e+00	7.499606e-05	2.538008e-03	1.005622	
-1 -160.854271	2.044339e+01	1.673326e+01	9.832647e+00	5.850875e-01	1.489076e-01	8.175203e-01	-2.807437e+00	7.499780e-05	2.537857e-03	1.005386	
-1 -159.849246	1.959218e+01	1.606881e+01	9.455649e+00	5.850982e-01	1.488641e-01	8.170691e-01	-2.789896e+00	7.499924e-05	2.537703e-03	1.005154	
-1 -158.844221	1.876650e+01	1.542375e+01	9.090058e+00	5.851081e-01	1.488217e-01	8.166100e-01	-2.772355e+00	7.500039e-05	2.537545e-03	1.004926	
-1 -157.839196	1.796605e+01	1.479780e+01	8.735687e+00	5.851171e-01	1.487803e-01	8.161426e-01	-2.754814e+00	7.500126e-05	2.537384e-03	1.004703	
-1 -156.834171	1.719047e+01	1.419068e+01	8.392342e+00	5.851254e-01	1.487401e-01	8.156664e-01	-2.737273e+00	7.500188e-05	2.537220e-03	1.004484	
-1 -155.829146	1.643942e+01	1.360210e+01	8.059822e+00	5.851330e-01	1.487010e-01	8.151807e-01	-2.719732e+00	7.500224e-05	2.537052e-03	1.004270	
-1 -154.824121	1.571252e+01	1.303176e+01	7.737918e+00	5.851399e-01	1.486632e-01	8.146851e-01	-2.702191e+00	7.500238e-05	2.536882e-03	1.004060	
-1 -153.819095	1.500939e+01	1.247934e+01	7.426414e+00	5.851462e-01	1.486266e-01	8.141789e-01	-2.684650e+00	7.500229e-05	2.536708e-03	1.003855	
-1 -152.814070	1.432964e+01	1.194454e+01	7.125089e+00	5.851519e-01	1.485914e-01	8.136613e-01	-2.667109e+00	7.500200e-05	2.536532e-03	1.003655	
-1 -151.809045	1.367286e+01	1.142704e+01	6.833714e+00	5.851570e-01	1.485575e-01	8.131317e-01	-2.649568e+00	7.500153e-05	2.536353e-03	1.003460	
-1 -150.804020	1.303865e+01	1.092649e+01	6.552056e+00	5.851617e-01	1.485251e-01	8.125891e-01	-2.632027e+00	7.500088e-05	2.536171e-03	1.003269	
-1 -149.798995	1.242656e+01	1.044258e+01	6.279876e+00	5.851659e-01	1.484941e-01	8.120327e-01	-2.614486e+00	7.500007e-05	2.535986e-03	1.003084	
-1 -148.793970	1.183618e+01	9.974961e+00	6.016929e+00	5.851697e-01	1.484647e-01	8.114615e-01	-2.596945e+00	7.499913e-05	2.535799e-03	1.002904	
-1 -147.788945	1.126705e+01	9.523293e+00	5.762966e+00	5.851732e-01	1.484370e-01	8.108743e-01	-2.579404e+00	7.499806e-05	2.535610e-03	1.002729	
-1 -146.783920	1.071873e+01	9.087230e+00	5.517734e+00	5.851764e-01	1.484109e-01	8.102702e-01	-2.561863e+00	7.499690e-05	2.535418e-03	1.002559	
-1 -145.778894	1.019077e+01	8.666422e+00	5.280975e+00	5.851794e-01	1.483866e-01	8.096480e-01	-2.544322e+00	7.499564e-05	2.535224e-03	1.002394	
-1 -144.773869	9.682699e+00	8.260518e+00	5.052429e+00	5.851822e-01	1.483642e-01	8.090064e-01	-2.526781e+00	7.499432e-05	2.535028e-03	1.002235	
-1 -143.768844	9.194055e+00	7.869165e+00	4.831831e+00	5.851849e-01	1.483437e-01	8.083442e-01	-2.509240e+00	7.499294e-05	2.534831e-03	1.002081	
-1 -142.763819	8.724367e+00	7.492006e+00	4.618917e+00	5.851876e-01	1.483251e-01	8.076604e-01	-2.491699e+00	7.499154e-05	2.534631e-03	1.001933	
-1 -141.758794	8.273161e+00	7.128688e+00	4.413419e+00	5.851902e-01	1.483087e-01	8.069537e-01	-2.474158e+00	7.499012e-05	2.534431e-03	1.001791	
-1 -140.753769	7.839961e+00	6.778853e+00	4.215070e+00	5.851929e-01	1.482943e-01	8.062236e-01	-2.456617e+00	7.498871e-05	2.534230e-03	1.001654	
-1 -139.748744	7.424288e+00	6.442145e+00	4.023603e+00	5.851958e-01	1.482821e-01	8.054695e-01	-2.439076e+00	7.498732e-05	2.534027e-03	1.001523	
-1 -138.743719	7.025664e+00	6.118210e+00	3.838756e+00	5.851988e-01	1.482720e-01	8.046916e-01	-2.421535e+00	7.498598e-05	2.533825e-03	1.001397	
-1 -137.738693	6.643608e+00	5.806693e+00	3.660271e+00	5.852021e-01	1.482640e-01	8.038909e-01	-2.403994e+00	7.498468e-05	2.533623e-03	1.001278	
-1 -136.733668	6.277641e+00	5.507244e+00	3.487896e+00	5.852056e-01	1.482581e-01	8.030694e-01	-2.386453e+00	7.498344e-05	2.533421e-03	1.001163	
-1 -135.728643	5.927284e+00	5.219512e+00	3.321393e+00	5.852095e-01	1.482539e-01	8.022302e-01	-2.368912e+00	7.498227e-05	2.533220e-03	1.001055	
-1 -134.723618	5.592063e+00	4.943150e+00	3.160535e+00	5.852136e-01	1.482513e-01	8.013782e-01	-2.351371e+00	7.498116e-05	2.533020e-03	1.000951	
-1 -133.718593	5.271502e+00	4.677816e+00	3.005113e+00	5.852180e-01	1.482500e-01	8.005193e-01	-2.333830e+00	7.498012e-05	2.532822e-03	1.000852	
-1 -132.713568	4.965131e+00	4.423170e+00	2.854938e+00	5.852227e-01	1.482494e-01	7.996610e-01	-2.316289e+00	7.497913e-05	2.532626e-03	1.000758	
-1 -131.708543	4.672483e+00	4.178876e+00	2.709841e+00	5.852277e-01	1.482492e-01	7.988113e-01	-2.298748e+00	7.497819e-05	2.532432e-03	1.000669	
-1 -130.703518	4.393097e+00	3.944604e+00	2.569672e+00	5.852327e-01	1.482491e-01	7.979771e-01	-2.281207e+00	7.497727e-05	2.532239e-03	1.000583	
-1 -129.698492	4.126517e+00	3.720030e+00	2.434310e+00	5.852347e-01	1.482426e-01	7.972282e-01	-2.263666e+00	7.497645e-05	2.532051e-03	1.000506	
-1 -128.693467	3.872292e+00	3.504833e+00	2.303617e+00	5.852402e-01	1.482443e-01	7.964223e-01	-2.246125e+00	7.497544e-05	2.531862e-03	1.000427	
-1 -127.688442	3.629977e+00	3.298700e+00	2.177505e+00	5.852457e-01	1.482450e-01	7.956513e-01	-2.228584e+00	7.497441e-05	2.531674e-03	1.000351	
-1 -126.683417	3.399137e+00	3.101325e+00	2.055876e+00	5.852514e-01	1.482452e-01	7.949083e-01	-2.211043e+00	7.497348e-05	2.531487e-03	1.000275	
-1 -125.678392	3.179343e+00	2.912407e+00	1.938640e+00	5.852569e-01	1.482420e-01	7.942200e-01	-2.193502e+00	7.497262e-05	2.531301e-03	1.000206	
-1 -124.673367	2.970176e+00	2.731654e+00	1.825703e+00	5.852625e-01	1.482375e-01	7.935737e-01	-2.175961e+00	7.497166e-05	2.531114e-03	1.000140	
-1 -123.668342	2.771223e+00	2.558781e+00	1.716975e+00	5.852681e-01	1.482319e-01	7.929664e-01	-2.158420e+00	7.497065e-05	2.530927e-03	1.000076	
-1 -122.663317	2.582085e+00	2.393511e+00	1.612364e+00	5.852739e-01	1.482254e-01	7.923957e-01	-2.140879e+00	7.496963e-05	2.530740e-03	1.000016	
-1 -121.658291	2.402370e+00	2.235577e+00	1.511777e+00	5.852797e-01	1.482182e-01	7.918595e-01	-2.123338e+00	7.496862e-05	2.530552e-03	0.999958	
-1 -120.653266	2.231700e+00	2.084718e+00	1.415120e+00	5.852857e-01	1.482102e-01	7.913558e-01	-2.105797e+00	7.496764e-05	2.530363e-03	0.999903	
-1 -119.648241	2.069704e+00	1.940685e+00	1.322297e+00	5.852918e-01	1.482017e-01	7.908826e-01	-2.088256e+00	7.496670e-05	2.530173e-03	0.999851	
-1 -118.643216	1.916027e+00	1.803237e+00	1.233213e+00	5.852983e-01	1.481928e-01	7.904380e-01	-2.070715e+00	7.496581e-05	2.529981e-03	0.999803	
-1 -117.638191	1.770324e+00	1.672143e+00	1.147774e+00	5.853101e-01	1.481832e-01	7.900002e-01	-2.053174e+00	7.496489e-05	2.529788e-03	0.999771	
-1 -116.633166	1.632265e+00	1.547182e+00	1.065885e+00	5.853170e-01	1.481735e-01	7.896070e-01	-2.035633e+00	7.496405e-05	2.529594e-03	0.999729	
-1 -115.628141	1.501531e+00	1.428145e+00	9.874545e-01	5.853243e-01	1.481635e-01	7.892370e-01	-2.018092e+00	7.496331e-05	2.529399e-03	0.999690	
-1 -114.623116	1.377818e+00	1.314830e+00	9.123950e-01	5.853319e-01	1.481530e-01	7.888904e-01	-2.000551e+00	7.496182e-05	2.529198e-03	0.999649	
-1 -113.618090	1.260837e+00	1.207050e+00	8.406219e-01	5.853403e-01	1.481428e-01	7.885664e-01	-1.983010e+00	7.496139e-05	2.528999e-03	0.999618	
-1 -112.613065	1.150312e+00	1.104627e+00	7.720547e-01	5.853491e-01	1.481326e-01	7.882609e-01	-1.965469e+00	7.496106e-05	2.528799e-03	0.999591	
-1 -111.608040	1.045982e+00	1.007395e+00	7.066185e-01	5.853584e-01	1.481226e-01	7.879730e-01	-1.947928e+00	7.496086e-05	2.528598e-03	0.999568	
-1 -110.603015	9.476041e-01	9.151985e-01	6.442434e-01	5.853683e-01	1.481127e-01	7.877020e-01	-1.930387e+00	7.496078e-05	2.528395e-03	0.999548	
-1 -109.597990	8.549477e-01	8.278960e-01	5.848663e-01	5.853787e-01	1.481030e-01	7.874473e-01	-1.912846e+00	7.496084e-05	2.528190e-03	0.999532	
-1 -108.592965	7.678001e-01	7.453564e-01	5.284305e-01	5.853896e-01	1.480936e-01	7.872080e-01	-1.895305e+00	7.496104e-05	2.527984e-03	0.999520	
-1 -107.587940	6.859647e-01	6.674613e-01	4.748865e-01	5.854012e-01	1.480846e-01	7.869837e-01	-1.877764e+00	7.496142e-05	2.527777e-03	0.999512	
-1 -106.582915	6.092612e-01	5.941046e-01	4.241923e-01	5.854122e-01	1.480753e-01	7.867739e-01	-1.860223e+00	7.496239e-05	2.527572e-03	0.999509	
-1 -105.577889	5.375266e-01	5.251926e-01	3.763143e-01	5.854249e-01	1.480667e-01	7.865773e-01	-1.842682e+00	7.496317e-05	2.527362e-03	0.999509	
-1 -104.572864	4.706148e-01	4.606443e-01	3.312268e-01	5.854382e-01	1.480586e-01	7.863940e-01	-1.825141e+00	7.496413e-05	2.527152e-03	0.999513	
-1 -103.567839	4.083969e-01	4.003916e-01	2.889129e-01	5.854521e-01	1.480510e-01	7.862234e-01	-1.807600e+00	7.496528e-05	2.526941e-03	0.999521	
-1 -102.562814	3.507618e-01	3.443791e-01	2.493644e-01	5.854666e-01	1.480437e-01	7.860650e-01	-1.790059e+00	7.496662e-05	2.526728e-03	0.999532	
-1 -101.557789	2.976159e-01	2.925643e-01	2.125824e-01	5.854817e-01	1.480370e-01	7.859186e-01	-1.772518e+00	7.496816e-05	2.526514e-03	0.999548	
-1 -100.552764	2.488837e-01	2.449178e-01	1.785772e-01	5.854975e-01	1.480308e-01	7.857836e-01	-1.754977e+00	7.496989e-05	2.526300e-03	0.999567	
-1 -99.547739	2.045074e-01	2.014232e-01	1.473685e-01	5.855138e-01	1.480251e-01	7.856599e-01	-1.737436e+00	7.497182e-05	2.526084e-03	0.999590	
-1 -98.542714	1.644473e-01	1.620773e-01	1.189859e-01	5.855309e-01	1.480199e-01	7.855470e-01	-1.719895e+00	7.497395e-05	2.525868e-03	0.999617	
-1 -97.537688	1.286821e-01	1.268898e-01	9.346864e-02	5.855485e-01	1.480153e-01	7.854448e-01	-1.702354e+00	7.497628e-05	2.525651e-03	0.999648	
-1 -96.532663	9.720835e-02	9.588366e-02	7.086564e-02	5.855668e-01	1.480113e-01	7.853530e-01	-1.684813e+00	7.497881e-05	2.525433e-03	0.999683	
-1 -95.527638	7.004117e-02	6.909509e-02	5.123593e-02	5.855857e-01	1.480078e-01	7.852714e-01	-1.667272e+00	7.498154e-05	2.525214e-03	0.999721	
-1 -94.522613	4.721372e-02	4.657325e-02	3.464840e-02	5.856052e-01	1.480050e-01	7.851999e-01	-1.649731e+00	7.498447e-05	2.524995e-03	0.999763	
-1 -93.517588	2.877746e-02	2.838041e-02	2.118196e-02	5.856253e-01	1.480028e-01	7.851389e-01	-1.632190e+00	7.498756e-05	2.524774e-03	0.999809	
-1 -92.512563	1.480202e-02	1.459185e-02	1.092545e-02	5.856460e-01	1.480014e-01	7.850863e-01	-1.614649e+00	7.499087e-05	2.524554e-03	0.999859	
-1 -91.507538	5.375196e-03	5.295831e-03	3.977614e-03	5.856672e-01	1.480001e-01	7.850457e-01	-1.597108e+00	7.499439e-05	2.524333e-03	0.999913	
-1 -90.502513	6.028035e-04	5.934658e-04	4.471168e-04	5.856890e-01	1.479999e-01	7.850125e-01	-1.579567e+00	7.499808e-05	2.524111e-03	0.999970	
-1 -89.497487	6.086131e-04	5.986510e-04	4.523887e-04	5.857112e-01	1.480002e-01	7.849899e-01	-1.562026e+00	7.500196e-05	2.523889e-03	1.000031	
-1 -88.492462	5.534206e-03	5.437948e-03	4.121548e-03	5.857340e-01	1.480012e-01	7.849767e-01	-1.544485e+00	7.500601e-05	2.523666e-03	1.000096	
-1 -87.487437	1.553882e-02	1.525046e-02	1.159228e-02	5.857575e-01	1.480027e-01	7.849736e-01	-1.526944e+00	7.501019e-05	2.523443e-03	1.000164	
-1 -86.482412	3.079918e-02	3.018768e-02	2.301168e-02	5.857813e-01	1.480049e-01	7.849798e-01	-1.509403e+00	7.501456e-05	2.523220e-03	1.000236	
-1 -85.477387	5.150930e-02	5.041337e-02	3.853609e-02	5.858055e-01	1.480078e-01	7.849958e-01	-1.491862e+00	7.501908e-05	2.522997e-03	1.000311	
-1 -84.472362	7.788025e-02	7.610333e-02	5.833087e-02	5.858302e-01	1.480113e-01	7.850215e-01	-1.474321e+00	7.502374e-05	2.522773e-03	1.000390	
-1 -83.467337	1.101399e-01	1.074453e-01	8.257024e-02	5.858552e-01	1.480155e-01	7.850572e-01	-1.456780e+00	7.502855e-05	2.522550e-03	1.000473	
-1 -82.462312	1.485328e-01	1.446386e-01	1.114370e-01	5.858805e-01	1.480202e-01	7.851028e-01	-1.439239e+00	7.503349e-05	2.522326e-03	1.000559	
-1 -81.457286	1.933195e-01	1.878942e-01	1.451222e-01	5.859062e-01	1.480256e-01	7.851586e-01	-1.421698e+00	7.503854e-05	2.522102e-03	1.000649	
-1 -80.452261	2.447768e-01	2.374342e-01	1.838249e-01	5.859321e-01	1.480317e-01	7.852247e-01	-1.404157e+00	7.504371e-05	2.521878e-03	1.000742	
-1 -79.447236	3.031969e-01	2.934918e-01	2.277521e-01	5.859582e-01	1.480383e-01	7.853014e-01	-1.386616e+00	7.504897e-05	2.521654e-03	1.000838	
-1 -78.442211	3.688876e-01	3.563107e-01	2.771178e-01	5.859846e-01	1.480455e-01	7.853887e-01	-1.369075e+00	7.505432e-05	2.521430e-03	1.000939	
-1 -77.437186	4.421711e-01	4.261454e-01	3.321433e-01	5.860110e-01	1.480534e-01	7.854871e-01	-1.351534e+00	7.505975e-05	2.521206e-03	1.001042	
-1 -76.432161	5.233845e-01	5.032605e-01	3.930563e-01	5.860376e-01	1.480618e-01	7.855967e-01	-1.333993e+00	7.506525e-05	2.520983e-03	1.001149	
-1 -75.427136	6.128790e-01	5.879303e-01	4.600908e-01	5.860642e-01	1.480707e-01	7.857179e-01	-1.316452e+00	7.507079e-05	2.520760e-03	1.001259	
-1 -74.422111	7.110191e-01	6.804391e-01	5.334864e-01	5.860908e-01	1.480802e-01	7.858511e-01	-1.298911e+00	7.507637e-05	2.520537e-03	1.001372	
-1 -73.417085	8.181830e-01	7.810799e-01	6.134882e-01	5.861174e-01	1.480902e-01	7.859966e-01	-1.281370e+00	7.508197e-05	2.520314e-03	1.001489	
-1 -72.412060	9.347612e-01	8.901552e-01	7.003452e-01	5.861414e-01	1.481018e-01	7.861491e-01	-1.263829e+00	7.508794e-05	2.520093e-03	1.001612	
-1 -71.407035	1.061157e+00	1.007976e+00	7.943123e-01	5.861675e-01	1.481130e-01	7.863198e-01	-1.246288e+00	7.509357e-05	2.519871e-03	1.001735	
-1 -70.402010	1.197784e+00	1.134861e+00	8.956466e-01	5.861934e-01	1.481245e-01	7.865041e-01	-1.228747e+00	7.509918e-05	2.519650e-03	1.001861	
-1 -69.396985	1.345069e+00	1.271136e+00	1.004609e+00	5.862190e-01	1.481365e-01	7.867026e-01	-1.211206e+00	7.510475e-05	2.519429e-03	1.001991	
-1 -68.391960	1.503448e+00	1.417138e+00	1.121461e+00	5.862443e-01	1.481489e-01	7.869159e-01	-1.193665e+00	7.511026e-05	2.519209e-03	1.002123	
-1 -67.386935	1.673368e+00	1.573206e+00	1.246469e+00	5.862674e-01	1.481623e-01	7.871411e-01	-1.176124e+00	7.511594e-05	2.518990e-03	1.002261	
-1 -66.381910	1.855284e+00	1.739688e+00	1.379898e+00	5.862916e-01	1.481755e-01	7.873855e-01	-1.158583e+00	7.512131e-05	2.518771e-03	1.002400	
-1 -65.376884	2.049663e+00	1.916940e+00	1.522014e+00	5.863153e-01	1.481889e-01	7.876469e-01	-1.141042e+00	7.512657e-05	2.518553e-03	1.002541	
-1 -64.371859	2.256975e+00	2.105320e+00	1.673082e+00	5.863385e-01	1.482026e-01	7.879261e-01	-1.123501e+00	7.513171e-05	2.518335e-03	1.002686	
-1 -63.366834	2.477704e+00	2.305195e+00	1.833366e+00	5.863610e-01	1.482164e-01	7.882241e-01	-1.105960e+00	7.513669e-05	2.518119e-03	1.002833	
-1 -62.361809	2.712336e+00	2.516933e+00	2.003127e+00	5.863827e-01	1.482304e-01	7.885419e-01	-1.088419e+00	7.514151e-05	2.517903e-03	1.002982	
-1 -61.356784	2.961365e+00	2.740910e+00	2.182624e+00	5.864037e-01	1.482444e-01	7.888807e-01	-1.070878e+00	7.514614e-05	2.517689e-03	1.003135	
-1 -60.351759	3.225291e+00	2.977504e+00	2.372110e+00	5.864238e-01	1.482584e-01	7.892416e-01	-1.053337e+00	7.515055e-05	2.517475e-03	1.003290	
-1 -59.346734	3.504619e+00	3.227096e+00	2.571834e+00	5.864430e-01	1.482723e-01	7.896262e-01	-1.035796e+00	7.515474e-05	2.517263e-03	1.003447	
-1 -58.341709	3.799858e+00	3.490071e+00	2.782038e+00	5.864611e-01	1.482861e-01	7.900357e-01	-1.018255e+00	7.515867e-05	2.517052e-03	1.003606	
-1 -57.336683	4.111520e+00	3.766817e+00	3.002957e+00	5.864782e-01	1.482996e-01	7.904717e-01	-1.000714e+00	7.516233e-05	2.516843e-03	1.003768	
-1 -56.331658	4.440120e+00	4.057721e+00	3.234817e+00	5.865026e-01	1.483110e-01	7.909307e-01	-9.831729e-01	7.516460e-05	2.516630e-03	1.003919	
-1 -55.326633	4.786176e+00	4.363174e+00	3.477828e+00	5.865110e-01	1.483250e-01	7.914267e-01	-9.656319e-01	7.516838e-05	2.516428e-03	1.004093	
-1 -54.321608	5.150205e+00	4.683567e+00	3.732200e+00	5.865244e-01	1.483371e-01	7.919523e-01	-9.480909e-01	7.517106e-05	2.516224e-03	1.004261	
-1 -53.316583	5.532727e+00	5.019291e+00	3.998123e+00	5.865365e-01	1.483486e-01	7.925114e-01	-9.305499e-01	7.517337e-05	2.516022e-03	1.004431	
-1 -52.311558	5.934261e+00	5.370736e+00	4.275775e+00	5.865471e-01	1.483593e-01	7.931056e-01	-9.130089e-01	7.517529e-05	2.515823e-03	1.004602	
-1 -51.306533	6.355324e+00	5.738293e+00	4.565321e+00	5.865562e-01	1.483692e-01	7.937365e-01	-8.954679e-01	7.517680e-05	2.515627e-03	1.004774	
-1 -50.301508	6.796432e+00	6.122348e+00	4.866911e+00	5.865638e-01	1.483782e-01	7.944050e-01	-8.779269e-01	7.517788e-05	2.515434e-03	1.004948	
-1 -49.296482	7.258097e+00	6.523289e+00	5.180678e+00	5.865698e-01	1.483862e-01	7.951118e-01	-8.603859e-01	7.517851e-05	2.515244e-03	1.005124	
-1 -48.291457	7.740830e+00	6.941498e+00	5.506746e+00	5.865741e-01	1.483933e-01	7.958566e-01	-8.428449e-01	7.517870e-05	2.515059e-03	1.005301	
-1 -47.286432	8.245135e+00	7.377355e+00	5.845225e+00	5.865768e-01	1.483995e-01	7.966382e-01	-8.253039e-01	7.517842e-05	2.514878e-03	1.005479	
-1 -46.281407	8.771512e+00	7.831237e+00	6.196214e+00	5.865778e-01	1.484050e-01	7.974539e-01	-8.077629e-01	7.517769e-05	2.514702e-03	1.005659	
-1 -45.276382	9.320455e+00	8.303514e+00	6.559809e+00	5.865772e-01	1.484099e-01	7.982997e-01	-7.902219e-01	7.517650e-05	2.514532e-03	1.005841	
-1 -44.271357	9.892452e+00	8.794553e+00	6.936103e+00	5.865751e-01	1.484145e-01	7.991702e-01	-7.726809e-01	7.517487e-05	2.514368e-03	1.006024	
-1 -43.266332	1.048798e+01	9.304714e+00	7.325193e+00	5.865714e-01	1.484192e-01	8.000589e-01	-7.551399e-01	7.517282e-05	2.514210e-03	1.006210	
-1 -42.261307	1.110751e+01	9.834351e+00	7.727181e+00	5.865661e-01	1.484243e-01	8.009585e-01	-7.375989e-01	7.517037e-05	2.514059e-03	1.006398	
-1 -41.256281	1.175151e+01	1.038381e+01	8.142179e+00	5.865586e-01	1.484310e-01	8.018743e-01	-7.200579e-01	7.516786e-05	2.513916e-03	1.006593	
-1 -40.251256	1.242043e+01	1.095343e+01	8.570311e+00	5.865525e-01	1.484376e-01	8.027441e-01	-7.025170e-01	7.516470e-05	2.513777e-03	1.006786	
-1 -39.246231	1.311470e+01	1.154354e+01	9.011704e+00	5.865430e-01	1.484463e-01	8.036347e-01	-6.849760e-01	7.516116e-05	2.513646e-03	1.006983	
-1 -38.241206	1.383475e+01	1.215447e+01	9.466501e+00	5.865322e-01	1.484568e-01	8.045108e-01	-6.674350e-01	7.515728e-05	2.513522e-03	1.007184	
-1 -37.236181	1.458100e+01	1.278652e+01	9.934845e+00	5.865200e-01	1.484693e-01	8.053684e-01	-6.498940e-01	7.515306e-05	2.513403e-03	1.007388	
-1 -36.231156	1.535386e+01	1.343999e+01	1.041688e+01	5.865063e-01	1.484839e-01	8.062053e-01	-6.323530e-01	7.514849e-05	2.513290e-03	1.007596	
-1 -35.226131	1.615370e+01	1.411518e+01	1.091275e+01	5.864912e-01	1.485006e-01	8.070197e-01	-6.148120e-01	7.514358e-05	2.513183e-03	1.007808	
-1 -34.221106	1.698090e+01	1.481236e+01	1.142260e+01	5.864746e-01	1.485195e-01	8.078112e-01	-5.972710e-01	7.513831e-05	2.513081e-03	1.008023	
-1 -33.216080	1.783581e+01	1.553180e+01	1.194656e+01	5.864564e-01	1.485406e-01	8.085796e-01	-5.797300e-01	7.513266e-05	2.512985e-03	1.008243	
-1 -32.211055	1.871877e+01	1.627375e+01	1.248474e+01	5.864367e-01	1.485637e-01	8.093255e-01	-5.621890e-01	7.512663e-05	2.512893e-03	1.008466	
-1 -31.206030	1.963011e+01	1.703845e+01	1.303726e+01	5.864153e-01	1.485890e-01	8.100496e-01	-5.446480e-01	7.512019e-05	2.512806e-03	1.008692	
-1 -30.201005	2.057012e+01	1.782613e+01	1.360422e+01	5.863921e-01	1.486163e-01	8.107529e-01	-5.271070e-01	7.511334e-05	2.512723e-03	1.008922	
-1 -29.195980	2.153908e+01	1.863699e+01	1.418570e+01	5.863673e-01	1.486455e-01	8.114364e-01	-5.095660e-01	7.510605e-05	2.512645e-03	1.009156	
-1 -28.190955	2.253725e+01	1.947122e+01	1.478177e+01	5.863406e-01	1.486765e-01	8.121012e-01	-4.920250e-01	7.509832e-05	2.512571e-03	1.009393	
-1 -27.185930	2.356488e+01	2.032901e+01	1.539248e+01	5.863121e-01	1.487094e-01	8.127483e-01	-4.744840e-01	7.509012e-05	2.512502e-03	1.009633	
-1 -26.180905	2.462218e+01	2.121051e+01	1.601788e+01	5.862818e-01	1.487439e-01	8.133788e-01	-4.569430e-01	7.508145e-05	2.512437e-03	1.009877	
-1 -25.175879	2.570934e+01	2.211586e+01	1.665797e+01	5.862495e-01	1.487801e-01	8.139937e-01	-4.394020e-01	7.507228e-05	2.512376e-03	1.010123	
-1 -24.170854	2.682654e+01	2.304520e+01	1.731278e+01	5.862152e-01	1.488179e-01	8.145939e-01	-4.218610e-01	7.506262e-05	2.512319e-03	1.010373	
-1 -23.165829	2.797392e+01	2.399861e+01	1.798228e+01	5.861790e-01	1.488572e-01	8.151802e-01	-4.043200e-01	7.505245e-05	2.512266e-03	1.010625	
-1 -22.160804	2.915161e+01	2.497619e+01	1.866644e+01	5.861407e-01	1.488979e-01	8.157535e-01	-3.867790e-01	7.504175e-05	2.512218e-03	1.010880	
-1 -21.155779	3.035969e+01	2.597801e+01	1.936521e+01	5.861004e-01	1.489400e-01	8.163146e-01	-3.692380e-01	7.503053e-05	2.512173e-03	1.011138	
-1 -20.150754	3.159824e+01	2.700410e+01	2.007854e+01	5.860581e-01	1.489834e-01	8.168641e-01	-3.516970e-01	7.501877e-05	2.512133e-03	1.011399	
-1 -19.145729	3.286729e+01	2.805448e+01	2.080633e+01	5.860136e-01	1.490281e-01	8.174026e-01	-3.341560e-01	7.500647e-05	2.512097e-03	1.011662	
-1 -18.140704	3.416687e+01	2.912917e+01	2.154852e+01	5.859663e-01	1.490614e-01	8.179921e-01	-3.166150e-01	7.499427e-05	2.512066e-03	1.011934	
-1 -17.135678	3.549694e+01	3.022812e+01	2.230491e+01	5.859175e-01	1.491090e-01	8.185072e-01	-2.990740e-01	7.498087e-05	2.512038e-03	1.012203	
-1 -16.130653	3.685748e+01	3.135131e+01	2.307540e+01	5.858667e-01	1.491577e-01	8.190132e-01	-2.815330e-01	7.496690e-05	2.512015e-03	1.012473	
-1 -15.125628	3.824840e+01	3.249865e+01	2.385984e+01	5.858137e-01	1.492075e-01	8.195105e-01	-2.639920e-01	7.495238e-05	2.511995e-03	1.012745	
-1 -14.120603	3.966959e+01	3.367006e+01	2.465804e+01	5.857586e-01	1.492583e-01	8.199995e-01	-2.464510e-01	7.493729e-05	2.511979e-03	1.013020	
-1 -13.115578	4.112092e+01	3.486542e+01	2.546982e+01	5.857014e-01	1.493100e-01	8.204805e-01	-2.289100e-01	7.492163e-05	2.511968e-03	1.013297	
-1 -12.110553	4.260223e+01	3.608457e+01	2.629494e+01	5.856421e-01	1.493626e-01	8.209540e-01	-2.113690e-01	7.490542e-05	2.511961e-03	1.013575	
-1 -11.105528	4.411330e+01	3.732736e+01	2.713320e+01	5.855806e-01	1.494161e-01	8.214201e-01	-1.938280e-01	7.488864e-05	2.511958e-03	1.013856	
-1 -10.100503	4.565391e+01	3.859359e+01	2.798432e+01	5.855171e-01	1.494704e-01	8.218791e-01	-1.762870e-01	7.487129e-05	2.511960e-03	1.014138	
-1 -9.095477	4.722378e+01	3.988303e+01	2.884804e+01	5.854515e-01	1.495256e-01	8.223313e-01	-1.587460e-01	7.485339e-05	2.511965e-03	1.014422	
-1 -8.090452	4.882263e+01	4.119544e+01	2.972408e+01	5.853838e-01	1.495815e-01	8.227769e-01	-1.412050e-01	7.483493e-05	2.511975e-03	1.014708	
-1 -7.085427	5.045010e+01	4.253054e+01	3.061212e+01	5.853141e-01	1.496381e-01	8.232161e-01	-1.236640e-01	7.481592e-05	2.511989e-03	1.014995	
-1 -6.080402	5.210585e+01	4.388802e+01	3.151183e+01	5.852423e-01	1.496954e-01	8.236491e-01	-1.061230e-01	7.479636e-05	2.512008e-03	1.015283	
-1 -5.075377	5.378945e+01	4.526755e+01	3.242288e+01	5.851686e-01	1.497533e-01	8.240761e-01	-8.858204e-02	7.477627e-05	2.512030e-03	1.015573	
-1 -4.070352	5.550048e+01	4.666878e+01	3.334490e+01	5.850929e-01	1.498119e-01	8.244972e-01	-7.104104e-02	7.475564e-05	2.512057e-03	1.015864	
-1 -3.065327	5.723846e+01	4.809131e+01	3.427751e+01	5.850152e-01	1.498710e-01	8.249125e-01	-5.350004e-02	7.473449e-05	2.512089e-03	1.016156	
-1 -2.060302	5.900288e+01	4.953473e+01	3.522031e+01	5.849357e-01	1.499307e-01	8.253222e-01	-3.595904e-02	7.471282e-05	2.512124e-03	1.016450	
-1 -1.055276	6.079319e+01	5.099859e+01	3.617290e+01	5.848543e-01	1.499909e-01	8.257265e-01	-1.841805e-02	7.469064e-05	2.512164e-03	1.016744	
-1 -0.050251	6.260883e+01	5.248242e+01	3.713483e+01	5.847711e-01	1.500515e-01	8.261254e-01	-8.770499e-04	7.466797e-05	2.512208e-03	1.017039	
-1 0.954774	6.444917e+01	5.398570e+01	3.810566e+01	5.846862e-01	1.501126e-01	8.265190e-01	1.666395e-02	7.464482e-05	2.512257e-03	1.017335	
-1 1.959799	6.631356e+01	5.550792e+01	3.908493e+01	5.845995e-01	1.501740e-01	8.269074e-01	3.420495e-02	7.462119e-05	2.512310e-03	1.017631	
-1 2.964824	6.820132e+01	5.704851e+01	4.007216e+01	5.845112e-01	1.502359e-01	8.272907e-01	5.174594e-02	7.459711e-05	2.512367e-03	1.017928	
-1 3.969849	7.011172e+01	5.860687e+01	4.106685e+01	5.844212e-01	1.502980e-01	8.276690e-01	6.928694e-02	7.457258e-05	2.512428e-03	1.018226	
-1 4.974874	7.204402e+01	6.018238e+01	4.206848e+01	5.843297e-01	1.503604e-01	8.280422e-01	8.682794e-02	7.454762e-05	2.512494e-03	1.018524	
-1 5.979899	7.399741e+01	6.177440e+01	4.307655e+01	5.842368e-01	1.504231e-01	8.284106e-01	1.043689e-01	7.452225e-05	2.512564e-03	1.018822	
-1 6.984925	7.597107e+01	6.338225e+01	4.409051e+01	5.841423e-01	1.504861e-01	8.287741e-01	1.219099e-01	7.449649e-05	2.512638e-03	1.019120	
-1 7.989950	7.796414e+01	6.500523e+01	4.510980e+01	5.840465e-01	1.505492e-01	8.291328e-01	1.394509e-01	7.447034e-05	2.512717e-03	1.019419	
-1 8.994975	7.997572e+01	6.664259e+01	4.613386e+01	5.839526e-01	1.506175e-01	8.294433e-01	1.569919e-01	7.444305e-05	2.512797e-03	1.019717	
1 10.000000	8.200488e+01	6.829358e+01	4.716212e+01	5.838543e-01	1.506807e-01	8.297932e-01	1.745329e-01	7.441620e-05	2.512884e-03	1.020015	
0 270.000015	8.200488e+01	6.829358e+01	1.825664e-13	5.857000e-01	1.480000e-01	7.850000e-01	4.712389e+00	7.500000e-05	2.524000e-03	1.000000	

# Thu Mar  9 14:43:19 2017
##### FINIS #####
