# This file was created by 'globes-accuracy 3.1.11' using GLoBES 3.2.13
# The command line was
# ../cdr_testsetup/myacc -A3 -X-190,10 -R200 -p0.5857,0.148,0.726,-1.570796,0.000075,0.002524 -E0.023,0.018,0.058,0.0,0.024,0.016 -F -d 0.02 -DNUTIME=14.6028037383 -DNUBARTIME=14.6028037383 dune_optimized_long_syst3pc.glb data/resdcp-90_optimized_long_syst3pc_no_exp1250 
#
# Wed Jan 25 08:51:06 2017

------ solution #1 out of 1 ------
-1 -190.000000	3.080697e+02	1.160734e+02	8.880974e+01	5.773555e-01	1.537458e-01	7.282586e-01	-3.316126e+00	7.377746e-05	2.536358e-03	1.028845	
-1 -188.994975	2.990796e+02	1.132280e+02	8.676904e+01	5.774547e-01	1.536428e-01	7.281947e-01	-3.298585e+00	7.380896e-05	2.536411e-03	1.028073	
-1 -187.989950	2.902318e+02	1.104292e+02	8.475283e+01	5.775535e-01	1.535403e-01	7.281317e-01	-3.281044e+00	7.383978e-05	2.536459e-03	1.027308	
-1 -186.984925	2.815286e+02	1.076770e+02	8.276144e+01	5.776518e-01	1.534382e-01	7.280695e-01	-3.263503e+00	7.386992e-05	2.536503e-03	1.026549	
-1 -185.979899	2.729716e+02	1.049712e+02	8.079514e+01	5.777496e-01	1.533367e-01	7.280082e-01	-3.245962e+00	7.389937e-05	2.536542e-03	1.025797	
-1 -184.974874	2.645627e+02	1.023118e+02	7.885421e+01	5.778469e-01	1.532357e-01	7.279478e-01	-3.228421e+00	7.392813e-05	2.536576e-03	1.025051	
-1 -183.969849	2.563033e+02	9.969842e+01	7.693892e+01	5.779437e-01	1.531353e-01	7.278883e-01	-3.210880e+00	7.395622e-05	2.536606e-03	1.024314	
-1 -182.964824	2.481949e+02	9.713101e+01	7.504949e+01	5.780399e-01	1.530355e-01	7.278298e-01	-3.193339e+00	7.398362e-05	2.536630e-03	1.023583	
-1 -181.959799	2.402385e+02	9.460928e+01	7.318615e+01	5.781355e-01	1.529363e-01	7.277722e-01	-3.175798e+00	7.401034e-05	2.536651e-03	1.022860	
-1 -180.954774	2.324352e+02	9.213299e+01	7.134909e+01	5.782306e-01	1.528378e-01	7.277156e-01	-3.158257e+00	7.403638e-05	2.536666e-03	1.022145	
-1 -179.949749	2.247860e+02	8.970184e+01	6.953850e+01	5.783250e-01	1.527401e-01	7.276599e-01	-3.140716e+00	7.406174e-05	2.536677e-03	1.021438	
-1 -178.944724	2.172915e+02	8.731553e+01	6.775455e+01	5.784189e-01	1.526431e-01	7.276052e-01	-3.123175e+00	7.408643e-05	2.536683e-03	1.020740	
-1 -177.939698	2.099523e+02	8.497372e+01	6.599736e+01	5.785121e-01	1.525469e-01	7.275515e-01	-3.105634e+00	7.411044e-05	2.536684e-03	1.020049	
-1 -176.934673	2.027688e+02	8.267606e+01	6.426708e+01	5.786047e-01	1.524515e-01	7.274988e-01	-3.088093e+00	7.413379e-05	2.536681e-03	1.019367	
-1 -175.929648	1.957413e+02	8.042218e+01	6.256382e+01	5.786967e-01	1.523569e-01	7.274471e-01	-3.070552e+00	7.415647e-05	2.536673e-03	1.018694	
-1 -174.924623	1.888698e+02	7.821168e+01	6.088765e+01	5.787880e-01	1.522633e-01	7.273964e-01	-3.053011e+00	7.417848e-05	2.536661e-03	1.018030	
-1 -173.919598	1.821545e+02	7.604416e+01	5.923865e+01	5.788786e-01	1.521705e-01	7.273466e-01	-3.035470e+00	7.419984e-05	2.536644e-03	1.017374	
-1 -172.914573	1.755950e+02	7.391918e+01	5.761688e+01	5.789685e-01	1.520786e-01	7.272979e-01	-3.017929e+00	7.422055e-05	2.536622e-03	1.016728	
-1 -171.909548	1.691912e+02	7.183630e+01	5.602238e+01	5.790578e-01	1.519877e-01	7.272502e-01	-3.000388e+00	7.424061e-05	2.536597e-03	1.016091	
-1 -170.904523	1.629425e+02	6.979506e+01	5.445515e+01	5.791463e-01	1.518977e-01	7.272035e-01	-2.982847e+00	7.426004e-05	2.536566e-03	1.015464	
-1 -169.899497	1.568485e+02	6.779500e+01	5.291520e+01	5.792342e-01	1.518087e-01	7.271578e-01	-2.965306e+00	7.427883e-05	2.536532e-03	1.014846	
-1 -168.894472	1.509083e+02	6.583563e+01	5.140251e+01	5.793214e-01	1.517207e-01	7.271131e-01	-2.947765e+00	7.429700e-05	2.536493e-03	1.014237	
-1 -167.889447	1.451212e+02	6.391646e+01	4.991704e+01	5.794078e-01	1.516338e-01	7.270695e-01	-2.930224e+00	7.431455e-05	2.536449e-03	1.013639	
-1 -166.884422	1.394863e+02	6.203698e+01	4.845875e+01	5.794935e-01	1.515479e-01	7.270268e-01	-2.912683e+00	7.433149e-05	2.536402e-03	1.013051	
-1 -165.879397	1.340025e+02	6.019668e+01	4.702756e+01	5.795785e-01	1.514630e-01	7.269852e-01	-2.895142e+00	7.434783e-05	2.536350e-03	1.012472	
-1 -164.874372	1.286687e+02	5.839504e+01	4.562338e+01	5.796629e-01	1.513793e-01	7.269446e-01	-2.877601e+00	7.436359e-05	2.536293e-03	1.011904	
-1 -163.869347	1.234834e+02	5.663153e+01	4.424612e+01	5.797464e-01	1.512966e-01	7.269049e-01	-2.860060e+00	7.437877e-05	2.536233e-03	1.011346	
-1 -162.864322	1.184455e+02	5.490561e+01	4.289566e+01	5.798294e-01	1.512150e-01	7.268663e-01	-2.842519e+00	7.439338e-05	2.536169e-03	1.010798	
-1 -161.859296	1.135533e+02	5.321674e+01	4.157186e+01	5.799115e-01	1.511345e-01	7.268287e-01	-2.824978e+00	7.440743e-05	2.536100e-03	1.010261	
-1 -160.854271	1.088053e+02	5.156439e+01	4.027458e+01	5.799931e-01	1.510551e-01	7.267920e-01	-2.807437e+00	7.442094e-05	2.536027e-03	1.009735	
-1 -159.849246	1.041999e+02	4.994799e+01	3.900364e+01	5.800739e-01	1.509769e-01	7.267564e-01	-2.789896e+00	7.443392e-05	2.535951e-03	1.009219	
-1 -158.844221	9.973517e+01	4.836700e+01	3.775887e+01	5.801541e-01	1.508998e-01	7.267217e-01	-2.772355e+00	7.444638e-05	2.535870e-03	1.008713	
-1 -157.839196	9.540938e+01	4.682087e+01	3.654008e+01	5.802336e-01	1.508239e-01	7.266880e-01	-2.754814e+00	7.445834e-05	2.535785e-03	1.008219	
-1 -156.834171	9.122056e+01	4.530904e+01	3.534707e+01	5.803125e-01	1.507490e-01	7.266553e-01	-2.737273e+00	7.446981e-05	2.535697e-03	1.007735	
-1 -155.829146	8.716670e+01	4.383095e+01	3.417961e+01	5.803907e-01	1.506754e-01	7.266235e-01	-2.719732e+00	7.448080e-05	2.535605e-03	1.007262	
-1 -154.824121	8.324571e+01	4.238605e+01	3.303747e+01	5.804684e-01	1.506029e-01	7.265926e-01	-2.702191e+00	7.449132e-05	2.535509e-03	1.006800	
-1 -153.819095	7.945544e+01	4.097379e+01	3.192042e+01	5.805455e-01	1.505315e-01	7.265627e-01	-2.684650e+00	7.450141e-05	2.535409e-03	1.006350	
-1 -152.814070	7.579368e+01	3.959360e+01	3.082819e+01	5.806220e-01	1.504613e-01	7.265337e-01	-2.667109e+00	7.451106e-05	2.535306e-03	1.005910	
-1 -151.809045	7.225815e+01	3.824496e+01	2.976052e+01	5.806980e-01	1.503923e-01	7.265056e-01	-2.649568e+00	7.452031e-05	2.535199e-03	1.005481	
-1 -150.804020	6.884651e+01	3.692729e+01	2.871715e+01	5.807735e-01	1.503244e-01	7.264785e-01	-2.632027e+00	7.452915e-05	2.535088e-03	1.005064	
-1 -149.798995	6.555637e+01	3.564007e+01	2.769778e+01	5.808485e-01	1.502576e-01	7.264522e-01	-2.614486e+00	7.453762e-05	2.534974e-03	1.004657	
-1 -148.793970	6.238531e+01	3.438276e+01	2.670212e+01	5.809230e-01	1.501920e-01	7.264268e-01	-2.596945e+00	7.454572e-05	2.534856e-03	1.004262	
-1 -147.788945	5.933085e+01	3.315481e+01	2.572988e+01	5.809972e-01	1.501275e-01	7.264022e-01	-2.579404e+00	7.455348e-05	2.534735e-03	1.003878	
-1 -146.783920	5.639047e+01	3.195571e+01	2.478075e+01	5.810709e-01	1.500642e-01	7.263785e-01	-2.561863e+00	7.456092e-05	2.534611e-03	1.003506	
-1 -145.778894	5.356162e+01	3.078493e+01	2.385441e+01	5.811443e-01	1.500020e-01	7.263557e-01	-2.544322e+00	7.456805e-05	2.534483e-03	1.003145	
-1 -144.773869	5.084173e+01	2.964196e+01	2.295054e+01	5.812173e-01	1.499409e-01	7.263337e-01	-2.526781e+00	7.457489e-05	2.534352e-03	1.002795	
-1 -143.768844	4.822817e+01	2.852629e+01	2.206883e+01	5.812901e-01	1.498809e-01	7.263125e-01	-2.509240e+00	7.458147e-05	2.534218e-03	1.002456	
-1 -142.763819	4.571834e+01	2.743741e+01	2.120894e+01	5.813626e-01	1.498220e-01	7.262921e-01	-2.491699e+00	7.458779e-05	2.534081e-03	1.002128	
-1 -141.758794	4.330957e+01	2.637486e+01	2.037053e+01	5.814349e-01	1.497643e-01	7.262724e-01	-2.474158e+00	7.459389e-05	2.533941e-03	1.001812	
-1 -140.753769	4.099921e+01	2.533813e+01	1.955329e+01	5.815070e-01	1.497076e-01	7.262536e-01	-2.456617e+00	7.459977e-05	2.533797e-03	1.001508	
-1 -139.748744	3.878460e+01	2.432676e+01	1.875686e+01	5.815790e-01	1.496519e-01	7.262355e-01	-2.439076e+00	7.460546e-05	2.533651e-03	1.001214	
-1 -138.743719	3.666305e+01	2.334029e+01	1.798092e+01	5.816509e-01	1.495974e-01	7.262181e-01	-2.421535e+00	7.461098e-05	2.533502e-03	1.000932	
-1 -137.738693	3.463189e+01	2.237827e+01	1.722513e+01	5.817227e-01	1.495439e-01	7.262015e-01	-2.403994e+00	7.461635e-05	2.533350e-03	1.000661	
-1 -136.733668	3.268845e+01	2.144027e+01	1.648914e+01	5.817945e-01	1.494914e-01	7.261855e-01	-2.386453e+00	7.462159e-05	2.533195e-03	1.000401	
-1 -135.728643	3.083007e+01	2.052585e+01	1.577263e+01	5.818664e-01	1.494400e-01	7.261703e-01	-2.368912e+00	7.462672e-05	2.533038e-03	1.000153	
-1 -134.723618	2.905409e+01	1.963460e+01	1.507527e+01	5.819383e-01	1.493896e-01	7.261558e-01	-2.351371e+00	7.463175e-05	2.532878e-03	0.999916	
-1 -133.718593	2.735786e+01	1.876613e+01	1.439671e+01	5.820103e-01	1.493402e-01	7.261419e-01	-2.333830e+00	7.463671e-05	2.532715e-03	0.999690	
-1 -132.713568	2.573878e+01	1.792004e+01	1.373665e+01	5.820824e-01	1.492917e-01	7.261286e-01	-2.316289e+00	7.464161e-05	2.532550e-03	0.999475	
-1 -131.708543	2.419424e+01	1.709596e+01	1.309474e+01	5.821548e-01	1.492443e-01	7.261160e-01	-2.298748e+00	7.464649e-05	2.532382e-03	0.999271	
-1 -130.703518	2.272167e+01	1.629353e+01	1.247069e+01	5.822274e-01	1.491978e-01	7.261040e-01	-2.281207e+00	7.465134e-05	2.532212e-03	0.999079	
-1 -129.698492	2.131853e+01	1.551242e+01	1.186419e+01	5.823002e-01	1.491523e-01	7.260927e-01	-2.263666e+00	7.465620e-05	2.532039e-03	0.998897	
-1 -128.693467	1.998231e+01	1.475228e+01	1.127492e+01	5.823734e-01	1.491077e-01	7.260819e-01	-2.246125e+00	7.466109e-05	2.531864e-03	0.998727	
-1 -127.688442	1.871053e+01	1.401281e+01	1.070259e+01	5.824470e-01	1.490640e-01	7.260717e-01	-2.228584e+00	7.466601e-05	2.531687e-03	0.998567	
-1 -126.683417	1.750078e+01	1.329372e+01	1.014693e+01	5.825209e-01	1.490212e-01	7.260620e-01	-2.211043e+00	7.467099e-05	2.531508e-03	0.998419	
-1 -125.678392	1.635067e+01	1.259471e+01	9.607699e+00	5.825908e-01	1.489846e-01	7.260563e-01	-2.193502e+00	7.467753e-05	2.531329e-03	0.998299	
-1 -124.673367	1.525784e+01	1.191553e+01	9.084538e+00	5.826659e-01	1.489433e-01	7.260475e-01	-2.175961e+00	7.468260e-05	2.531145e-03	0.998171	
-1 -123.668342	1.422003e+01	1.125593e+01	8.577243e+00	5.827416e-01	1.489029e-01	7.260393e-01	-2.158420e+00	7.468779e-05	2.530960e-03	0.998054	
-1 -122.663317	1.323499e+01	1.061568e+01	8.085571e+00	5.828177e-01	1.488633e-01	7.260315e-01	-2.140879e+00	7.469310e-05	2.530772e-03	0.997948	
-1 -121.658291	1.230054e+01	9.994569e+00	7.609293e+00	5.828945e-01	1.488246e-01	7.260243e-01	-2.123338e+00	7.469855e-05	2.530583e-03	0.997852	
-1 -120.653266	1.141458e+01	9.392411e+00	7.148192e+00	5.829718e-01	1.487867e-01	7.260175e-01	-2.105797e+00	7.470416e-05	2.530392e-03	0.997767	
-1 -119.648241	1.057504e+01	8.809028e+00	6.702065e+00	5.830498e-01	1.487497e-01	7.260112e-01	-2.088256e+00	7.470994e-05	2.530199e-03	0.997693	
-1 -118.643216	9.779936e+00	8.244268e+00	6.270723e+00	5.831285e-01	1.487135e-01	7.260054e-01	-2.070715e+00	7.471591e-05	2.530005e-03	0.997629	
-1 -117.638191	9.027349e+00	7.697993e+00	5.853994e+00	5.832079e-01	1.486780e-01	7.260000e-01	-2.053174e+00	7.472209e-05	2.529809e-03	0.997576	
-1 -116.633166	8.315430e+00	7.170089e+00	5.451721e+00	5.832880e-01	1.486434e-01	7.259951e-01	-2.035633e+00	7.472848e-05	2.529611e-03	0.997534	
-1 -115.628141	7.642403e+00	6.660460e+00	5.063762e+00	5.833688e-01	1.486096e-01	7.259906e-01	-2.018092e+00	7.473509e-05	2.529412e-03	0.997501	
-1 -114.623116	7.006567e+00	6.169030e+00	4.689995e+00	5.834504e-01	1.485765e-01	7.259865e-01	-2.000551e+00	7.474195e-05	2.529211e-03	0.997479	
-1 -113.618090	6.406302e+00	5.695743e+00	4.330313e+00	5.835328e-01	1.485443e-01	7.259828e-01	-1.983010e+00	7.474905e-05	2.529009e-03	0.997468	
-1 -112.613065	5.840066e+00	5.240564e+00	3.984644e+00	5.836136e-01	1.485161e-01	7.259811e-01	-1.965469e+00	7.475731e-05	2.528807e-03	0.997476	
-1 -111.608040	5.306402e+00	4.803479e+00	3.652884e+00	5.836980e-01	1.484849e-01	7.259780e-01	-1.947928e+00	7.476483e-05	2.528602e-03	0.997484	
-1 -110.603015	4.803934e+00	4.384494e+00	3.335004e+00	5.837831e-01	1.484545e-01	7.259753e-01	-1.930387e+00	7.477263e-05	2.528396e-03	0.997501	
-1 -109.597990	4.331377e+00	3.983636e+00	3.030973e+00	5.838691e-01	1.484249e-01	7.259729e-01	-1.912846e+00	7.478073e-05	2.528189e-03	0.997529	
-1 -108.592965	3.887529e+00	3.600954e+00	2.740781e+00	5.839559e-01	1.483961e-01	7.259710e-01	-1.895305e+00	7.478911e-05	2.527981e-03	0.997567	
-1 -107.587940	3.471283e+00	3.236516e+00	2.464450e+00	5.840422e-01	1.483709e-01	7.259701e-01	-1.877764e+00	7.479847e-05	2.527772e-03	0.997621	
-1 -106.582915	3.081619e+00	2.890414e+00	2.201986e+00	5.841310e-01	1.483430e-01	7.259686e-01	-1.860223e+00	7.480732e-05	2.527562e-03	0.997677	
-1 -105.577889	2.717613e+00	2.562761e+00	1.953458e+00	5.842207e-01	1.483159e-01	7.259675e-01	-1.842682e+00	7.481650e-05	2.527350e-03	0.997744	
-1 -104.572864	2.378433e+00	2.253688e+00	1.718941e+00	5.843111e-01	1.482896e-01	7.259669e-01	-1.825141e+00	7.482601e-05	2.527138e-03	0.997820	
-1 -103.567839	2.063344e+00	1.963351e+00	1.498533e+00	5.844027e-01	1.482658e-01	7.259654e-01	-1.807600e+00	7.483600e-05	2.526925e-03	0.997907	
-1 -102.562814	1.771706e+00	1.691926e+00	1.292346e+00	5.844950e-01	1.482404e-01	7.259653e-01	-1.790059e+00	7.484600e-05	2.526711e-03	0.998001	
-1 -101.557789	1.502977e+00	1.439611e+00	1.100527e+00	5.845881e-01	1.482159e-01	7.259657e-01	-1.772518e+00	7.485636e-05	2.526497e-03	0.998105	
-1 -100.552764	1.256712e+00	1.206624e+00	9.232405e-01	5.846819e-01	1.481923e-01	7.259665e-01	-1.754977e+00	7.486708e-05	2.526282e-03	0.998219	
-1 -99.547739	1.032566e+00	9.932049e-01	7.606727e-01	5.847763e-01	1.481696e-01	7.259677e-01	-1.737436e+00	7.487815e-05	2.526066e-03	0.998343	
-1 -98.542714	8.302939e-01	7.996150e-01	6.130338e-01	5.848714e-01	1.481477e-01	7.259693e-01	-1.719895e+00	7.488957e-05	2.525850e-03	0.998476	
-1 -97.537688	6.497483e-01	6.261361e-01	4.805540e-01	5.849655e-01	1.481279e-01	7.259729e-01	-1.702354e+00	7.490182e-05	2.525634e-03	0.998624	
-1 -96.532663	4.908835e-01	4.730711e-01	3.634951e-01	5.850617e-01	1.481081e-01	7.259753e-01	-1.684813e+00	7.491395e-05	2.525417e-03	0.998778	
-1 -95.527638	3.537538e-01	3.407435e-01	2.621350e-01	5.851585e-01	1.480890e-01	7.259780e-01	-1.667272e+00	7.492639e-05	2.525200e-03	0.998940	
-1 -94.522613	2.385136e-01	2.294971e-01	1.767763e-01	5.852552e-01	1.480716e-01	7.259818e-01	-1.649731e+00	7.493938e-05	2.524982e-03	0.999115	
-1 -93.517588	1.454181e-01	1.396962e-01	1.077476e-01	5.853533e-01	1.480542e-01	7.259852e-01	-1.632190e+00	7.495239e-05	2.524764e-03	0.999296	
-1 -92.512563	7.482232e-02	7.172487e-02	5.539801e-02	5.854518e-01	1.480376e-01	7.259890e-01	-1.614649e+00	7.496567e-05	2.524546e-03	0.999485	
-1 -91.507538	2.718133e-02	2.598717e-02	2.010060e-02	5.855508e-01	1.480219e-01	7.259931e-01	-1.597108e+00	7.497921e-05	2.524328e-03	0.999684	
-1 -90.502513	3.049576e-03	2.906442e-03	2.251430e-03	5.856501e-01	1.480072e-01	7.259977e-01	-1.579567e+00	7.499303e-05	2.524109e-03	0.999893	
0 -89.999999	2.524000e-03	7.500000e-05	4.886494e-12	5.857000e-01	1.480000e-01	7.260000e-01	-1.570796e+00	7.500000e-05	2.524000e-03	1.000000	
1 -89.497487	3.080440e-03	2.925233e-03	2.269488e-03	5.857500e-01	1.479931e-01	7.260024e-01	-1.562026e+00	7.500702e-05	2.523891e-03	1.000109	
1 -88.492462	2.802552e-02	2.650490e-02	2.059614e-02	5.858501e-01	1.479797e-01	7.260076e-01	-1.544485e+00	7.502122e-05	2.523672e-03	1.000335	
1 -87.487437	7.873384e-02	7.412525e-02	5.769509e-02	5.859505e-01	1.479672e-01	7.260131e-01	-1.526944e+00	7.503560e-05	2.523453e-03	1.000569	
1 -86.482412	1.561510e-01	1.462842e-01	1.140521e-01	5.860511e-01	1.479556e-01	7.260190e-01	-1.509403e+00	7.505015e-05	2.523235e-03	1.000811	
1 -85.477387	2.613179e-01	2.434973e-01	1.901745e-01	5.861518e-01	1.479449e-01	7.260253e-01	-1.491862e+00	7.506487e-05	2.523016e-03	1.001062	
1 -84.472362	3.953700e-01	3.662973e-01	2.865909e-01	5.862525e-01	1.479350e-01	7.260320e-01	-1.474321e+00	7.507973e-05	2.522798e-03	1.001322	
1 -83.467337	5.595357e-01	5.152340e-01	4.038508e-01	5.863532e-01	1.479261e-01	7.260391e-01	-1.456780e+00	7.509470e-05	2.522580e-03	1.001590	
1 -82.462312	7.551349e-01	6.908733e-01	5.425238e-01	5.864537e-01	1.479181e-01	7.260466e-01	-1.439239e+00	7.510977e-05	2.522362e-03	1.001867	
1 -81.457286	9.835778e-01	8.937969e-01	7.031995e-01	5.865539e-01	1.479110e-01	7.260546e-01	-1.421698e+00	7.512492e-05	2.522144e-03	1.002152	
1 -80.452261	1.246363e+00	1.124602e+00	8.864865e-01	5.866539e-01	1.479050e-01	7.260629e-01	-1.404157e+00	7.514012e-05	2.521927e-03	1.002446	
1 -79.447236	1.545076e+00	1.383901e+00	1.093012e+00	5.867534e-01	1.478999e-01	7.260718e-01	-1.386616e+00	7.515534e-05	2.521710e-03	1.002747	
1 -78.442211	1.881387e+00	1.672319e+00	1.323421e+00	5.868524e-01	1.478959e-01	7.260811e-01	-1.369075e+00	7.517056e-05	2.521494e-03	1.003057	
1 -77.437186	2.257049e+00	1.990498e+00	1.578377e+00	5.869507e-01	1.478930e-01	7.260909e-01	-1.351534e+00	7.518575e-05	2.521278e-03	1.003376	
1 -76.432161	2.673896e+00	2.339088e+00	1.858557e+00	5.870483e-01	1.478911e-01	7.261012e-01	-1.333993e+00	7.520089e-05	2.521062e-03	1.003702	
1 -75.427136	3.133840e+00	2.718757e+00	2.164656e+00	5.871451e-01	1.478903e-01	7.261120e-01	-1.316452e+00	7.521594e-05	2.520848e-03	1.004037	
1 -74.422111	3.638871e+00	3.130182e+00	2.497383e+00	5.872409e-01	1.478906e-01	7.261233e-01	-1.298911e+00	7.523087e-05	2.520633e-03	1.004380	
1 -73.417085	4.191050e+00	3.574050e+00	2.857460e+00	5.873356e-01	1.478921e-01	7.261352e-01	-1.281370e+00	7.524565e-05	2.520420e-03	1.004731	
1 -72.412060	4.792513e+00	4.051061e+00	3.245608e+00	5.874320e-01	1.478917e-01	7.261452e-01	-1.263829e+00	7.525934e-05	2.520206e-03	1.005081	
1 -71.407035	5.445461e+00	4.561924e+00	3.662601e+00	5.875244e-01	1.478953e-01	7.261580e-01	-1.246288e+00	7.527365e-05	2.519994e-03	1.005447	
1 -70.402010	6.152163e+00	5.107357e+00	4.109185e+00	5.876154e-01	1.479001e-01	7.261714e-01	-1.228747e+00	7.528771e-05	2.519782e-03	1.005821	
1 -69.396985	6.914952e+00	5.688086e+00	4.586127e+00	5.877048e-01	1.479062e-01	7.261853e-01	-1.211206e+00	7.530148e-05	2.519571e-03	1.006203	
1 -68.391960	7.736218e+00	6.304845e+00	5.094202e+00	5.877925e-01	1.479136e-01	7.261999e-01	-1.193665e+00	7.531493e-05	2.519361e-03	1.006594	
1 -67.386935	8.618413e+00	6.958376e+00	5.634194e+00	5.878783e-01	1.479223e-01	7.262152e-01	-1.176124e+00	7.532803e-05	2.519152e-03	1.006992	
1 -66.381910	9.564038e+00	7.649424e+00	6.206889e+00	5.879622e-01	1.479323e-01	7.262311e-01	-1.158583e+00	7.534072e-05	2.518944e-03	1.007398	
1 -65.376884	1.057565e+01	8.378743e+00	6.813082e+00	5.880439e-01	1.479438e-01	7.262477e-01	-1.141042e+00	7.535297e-05	2.518737e-03	1.007811	
1 -64.371859	1.165585e+01	9.147089e+00	7.453568e+00	5.881234e-01	1.479566e-01	7.262650e-01	-1.123501e+00	7.536475e-05	2.518531e-03	1.008233	
1 -63.366834	1.280727e+01	9.955223e+00	8.129145e+00	5.882004e-01	1.479709e-01	7.262831e-01	-1.105960e+00	7.537601e-05	2.518326e-03	1.008662	
1 -62.361809	1.403262e+01	1.080391e+01	8.840609e+00	5.882749e-01	1.479867e-01	7.263019e-01	-1.088419e+00	7.538672e-05	2.518122e-03	1.009099	
1 -61.356784	1.533462e+01	1.169391e+01	9.588757e+00	5.883466e-01	1.480040e-01	7.263214e-01	-1.070878e+00	7.539682e-05	2.517920e-03	1.009544	
1 -60.351759	1.671601e+01	1.262599e+01	1.037438e+01	5.884155e-01	1.480228e-01	7.263418e-01	-1.053337e+00	7.540628e-05	2.517718e-03	1.009997	
1 -59.346734	1.817959e+01	1.360092e+01	1.119827e+01	5.884813e-01	1.480432e-01	7.263630e-01	-1.035796e+00	7.541506e-05	2.517518e-03	1.010457	
1 -58.341709	1.972817e+01	1.461947e+01	1.206120e+01	5.885440e-01	1.480652e-01	7.263850e-01	-1.018255e+00	7.542311e-05	2.517318e-03	1.010925	
1 -57.336683	2.136458e+01	1.568239e+01	1.296396e+01	5.886033e-01	1.480888e-01	7.264078e-01	-1.000714e+00	7.543038e-05	2.517121e-03	1.011401	
1 -56.331658	2.309168e+01	1.679046e+01	1.390729e+01	5.886591e-01	1.481141e-01	7.264316e-01	-9.831729e-01	7.543684e-05	2.516924e-03	1.011884	
1 -55.326633	2.491234e+01	1.794442e+01	1.489196e+01	5.887112e-01	1.481411e-01	7.264562e-01	-9.656319e-01	7.544244e-05	2.516729e-03	1.012374	
1 -54.321608	2.682942e+01	1.914503e+01	1.591871e+01	5.887596e-01	1.481698e-01	7.264818e-01	-9.480909e-01	7.544714e-05	2.516535e-03	1.012873	
1 -53.316583	2.884583e+01	2.039303e+01	1.698824e+01	5.888039e-01	1.482002e-01	7.265083e-01	-9.305499e-01	7.545088e-05	2.516343e-03	1.013379	
1 -52.311558	3.096443e+01	2.168918e+01	1.810127e+01	5.888441e-01	1.482324e-01	7.265358e-01	-9.130089e-01	7.545363e-05	2.516152e-03	1.013892	
1 -51.306533	3.318811e+01	2.303419e+01	1.925849e+01	5.888800e-01	1.482665e-01	7.265643e-01	-8.954679e-01	7.545534e-05	2.515962e-03	1.014413	
1 -50.301508	3.551975e+01	2.442879e+01	2.046055e+01	5.889115e-01	1.483024e-01	7.265938e-01	-8.779269e-01	7.545596e-05	2.515775e-03	1.014941	
1 -49.296482	3.796221e+01	2.587370e+01	2.170809e+01	5.889384e-01	1.483401e-01	7.266243e-01	-8.603859e-01	7.545546e-05	2.515589e-03	1.015476	
1 -48.291457	4.051834e+01	2.736963e+01	2.300174e+01	5.889604e-01	1.483797e-01	7.266559e-01	-8.428449e-01	7.545378e-05	2.515404e-03	1.016019	
1 -47.286432	4.319097e+01	2.891725e+01	2.434207e+01	5.889776e-01	1.484212e-01	7.266886e-01	-8.253039e-01	7.545088e-05	2.515221e-03	1.016570	
1 -46.281407	4.598289e+01	3.051724e+01	2.572963e+01	5.889897e-01	1.484647e-01	7.267224e-01	-8.077629e-01	7.544672e-05	2.515040e-03	1.017127	
1 -45.276382	4.889689e+01	3.217028e+01	2.716497e+01	5.889966e-01	1.485101e-01	7.267573e-01	-7.902219e-01	7.544126e-05	2.514861e-03	1.017692	
1 -44.271357	5.193569e+01	3.387700e+01	2.864856e+01	5.889980e-01	1.485575e-01	7.267933e-01	-7.726809e-01	7.543445e-05	2.514683e-03	1.018264	
1 -43.266332	5.510201e+01	3.563804e+01	3.018086e+01	5.889940e-01	1.486068e-01	7.268305e-01	-7.551399e-01	7.542624e-05	2.514507e-03	1.018844	
1 -42.261307	5.839851e+01	3.745400e+01	3.176228e+01	5.889843e-01	1.486582e-01	7.268688e-01	-7.375989e-01	7.541660e-05	2.514333e-03	1.019430	
1 -41.256281	6.182778e+01	3.932549e+01	3.339320e+01	5.889687e-01	1.487116e-01	7.269084e-01	-7.200579e-01	7.540549e-05	2.514161e-03	1.020024	
1 -40.251256	6.539239e+01	4.125306e+01	3.507396e+01	5.889473e-01	1.487670e-01	7.269491e-01	-7.025170e-01	7.539287e-05	2.513991e-03	1.020624	
1 -39.246231	6.909484e+01	4.323728e+01	3.680484e+01	5.889197e-01	1.488244e-01	7.269911e-01	-6.849760e-01	7.537870e-05	2.513823e-03	1.021231	
1 -38.241206	7.293757e+01	4.527866e+01	3.858608e+01	5.888860e-01	1.488839e-01	7.270343e-01	-6.674350e-01	7.536294e-05	2.513657e-03	1.021846	
1 -37.236181	7.692295e+01	4.737770e+01	4.041788e+01	5.888459e-01	1.489455e-01	7.270787e-01	-6.498940e-01	7.534555e-05	2.513493e-03	1.022467	
1 -36.231156	8.105327e+01	4.953489e+01	4.230038e+01	5.887994e-01	1.490091e-01	7.271244e-01	-6.323530e-01	7.532651e-05	2.513331e-03	1.023095	
1 -35.226131	8.533077e+01	5.175067e+01	4.423367e+01	5.887463e-01	1.490748e-01	7.271714e-01	-6.148120e-01	7.530577e-05	2.513171e-03	1.023729	
1 -34.221106	8.975758e+01	5.402545e+01	4.621779e+01	5.886865e-01	1.491426e-01	7.272197e-01	-5.972710e-01	7.528331e-05	2.513014e-03	1.024370	
1 -33.216080	9.433577e+01	5.635963e+01	4.825271e+01	5.886200e-01	1.492124e-01	7.272692e-01	-5.797300e-01	7.525909e-05	2.512858e-03	1.025018	
1 -32.211055	9.906729e+01	5.875356e+01	5.033837e+01	5.885466e-01	1.492843e-01	7.273201e-01	-5.621890e-01	7.523309e-05	2.512705e-03	1.025672	
1 -31.206030	1.039540e+02	6.120756e+01	5.247463e+01	5.884663e-01	1.493583e-01	7.273722e-01	-5.446480e-01	7.520529e-05	2.512554e-03	1.026333	
1 -30.201005	1.089977e+02	6.372193e+01	5.466128e+01	5.883789e-01	1.494343e-01	7.274257e-01	-5.271070e-01	7.517565e-05	2.512406e-03	1.026999	
1 -29.195980	1.142001e+02	6.629691e+01	5.689808e+01	5.882844e-01	1.495123e-01	7.274804e-01	-5.095660e-01	7.514416e-05	2.512260e-03	1.027672	
1 -28.190955	1.195626e+02	6.893272e+01	5.918470e+01	5.881828e-01	1.495924e-01	7.275365e-01	-4.920250e-01	7.511079e-05	2.512116e-03	1.028351	
1 -27.185930	1.250868e+02	7.162953e+01	6.152075e+01	5.880739e-01	1.496744e-01	7.275939e-01	-4.744840e-01	7.507553e-05	2.511975e-03	1.029035	
1 -26.180905	1.307740e+02	7.438748e+01	6.390578e+01	5.879578e-01	1.497585e-01	7.276526e-01	-4.569430e-01	7.503836e-05	2.511837e-03	1.029725	
1 -25.175879	1.366254e+02	7.720665e+01	6.633927e+01	5.878344e-01	1.498445e-01	7.277125e-01	-4.394020e-01	7.499928e-05	2.511700e-03	1.030421	
1 -24.170854	1.426420e+02	8.008709e+01	6.882064e+01	5.877036e-01	1.499324e-01	7.277738e-01	-4.218610e-01	7.495826e-05	2.511567e-03	1.031123	
1 -23.165829	1.488248e+02	8.302881e+01	7.134923e+01	5.875655e-01	1.500223e-01	7.278364e-01	-4.043200e-01	7.491531e-05	2.511436e-03	1.031830	
1 -22.160804	1.551745e+02	8.603175e+01	7.392432e+01	5.874200e-01	1.501140e-01	7.279002e-01	-3.867790e-01	7.487042e-05	2.511308e-03	1.032542	
1 -21.155779	1.616920e+02	8.909583e+01	7.654511e+01	5.872672e-01	1.502076e-01	7.279653e-01	-3.692380e-01	7.482360e-05	2.511183e-03	1.033259	
1 -20.150754	1.683776e+02	9.222089e+01	7.921074e+01	5.871070e-01	1.503030e-01	7.280317e-01	-3.516970e-01	7.477482e-05	2.511060e-03	1.033980	
1 -19.145729	1.752318e+02	9.540673e+01	8.192028e+01	5.869395e-01	1.504002e-01	7.280992e-01	-3.341560e-01	7.472412e-05	2.510941e-03	1.034707	
1 -18.140704	1.822548e+02	9.865311e+01	8.467273e+01	5.867647e-01	1.504991e-01	7.281681e-01	-3.166150e-01	7.467149e-05	2.510824e-03	1.035438	
1 -17.135678	1.894466e+02	1.019597e+02	8.746702e+01	5.865827e-01	1.505998e-01	7.282381e-01	-2.990740e-01	7.461695e-05	2.510710e-03	1.036173	
1 -16.130653	1.968072e+02	1.053262e+02	9.030201e+01	5.863934e-01	1.507020e-01	7.283092e-01	-2.815330e-01	7.456051e-05	2.510599e-03	1.036912	
1 -15.125628	2.043363e+02	1.087521e+02	9.317650e+01	5.861971e-01	1.508059e-01	7.283816e-01	-2.639920e-01	7.450218e-05	2.510491e-03	1.037656	
1 -14.120603	2.120334e+02	1.122370e+02	9.608919e+01	5.859937e-01	1.509113e-01	7.284550e-01	-2.464510e-01	7.444200e-05	2.510386e-03	1.038403	
1 -13.115578	2.198980e+02	1.157802e+02	9.903876e+01	5.857834e-01	1.510183e-01	7.285296e-01	-2.289100e-01	7.437997e-05	2.510284e-03	1.039153	
1 -12.110553	2.279293e+02	1.193813e+02	1.020238e+02	5.855663e-01	1.511267e-01	7.286052e-01	-2.113690e-01	7.431614e-05	2.510185e-03	1.039907	
1 -11.105528	2.361264e+02	1.230395e+02	1.050428e+02	5.853424e-01	1.512364e-01	7.286819e-01	-1.938280e-01	7.425053e-05	2.510090e-03	1.040664	
1 -10.100503	2.444881e+02	1.267541e+02	1.080943e+02	5.851120e-01	1.513476e-01	7.287595e-01	-1.762870e-01	7.418318e-05	2.509997e-03	1.041423	
1 -9.095477	2.530131e+02	1.305242e+02	1.111767e+02	5.848751e-01	1.514599e-01	7.288382e-01	-1.587460e-01	7.411412e-05	2.509908e-03	1.042185	
1 -8.090452	2.616999e+02	1.343491e+02	1.142883e+02	5.846319e-01	1.515735e-01	7.289177e-01	-1.412050e-01	7.404341e-05	2.509823e-03	1.042949	
1 -7.085427	2.705468e+02	1.382277e+02	1.174273e+02	5.843826e-01	1.516883e-01	7.289982e-01	-1.236640e-01	7.397107e-05	2.509740e-03	1.043716	
1 -6.080402	2.795521e+02	1.421591e+02	1.205921e+02	5.841273e-01	1.518041e-01	7.290795e-01	-1.061230e-01	7.389717e-05	2.509661e-03	1.044484	
1 -5.075377	2.887135e+02	1.461421e+02	1.237808e+02	5.838663e-01	1.519210e-01	7.291616e-01	-8.858204e-02	7.382174e-05	2.509586e-03	1.045254	
1 -4.070352	2.980288e+02	1.501755e+02	1.269915e+02	5.835997e-01	1.520388e-01	7.292445e-01	-7.104104e-02	7.374485e-05	2.509514e-03	1.046025	
1 -3.065327	3.074957e+02	1.542582e+02	1.302224e+02	5.833277e-01	1.521574e-01	7.293281e-01	-5.350004e-02	7.366656e-05	2.509445e-03	1.046796	
1 -2.060302	3.171113e+02	1.583889e+02	1.334714e+02	5.830506e-01	1.522769e-01	7.294124e-01	-3.595904e-02	7.358692e-05	2.509380e-03	1.047569	
1 -1.055276	3.268730e+02	1.625660e+02	1.367365e+02	5.827686e-01	1.523972e-01	7.294973e-01	-1.841805e-02	7.350600e-05	2.509319e-03	1.048342	
1 -0.050251	3.367776e+02	1.667882e+02	1.400158e+02	5.824820e-01	1.525181e-01	7.295827e-01	-8.770499e-04	7.342386e-05	2.509261e-03	1.049115	
1 0.954774	3.468219e+02	1.710540e+02	1.433070e+02	5.821909e-01	1.526396e-01	7.296687e-01	1.666395e-02	7.334057e-05	2.509207e-03	1.049887	
1 1.959799	3.570024e+02	1.753615e+02	1.466081e+02	5.818956e-01	1.527616e-01	7.297551e-01	3.420495e-02	7.325621e-05	2.509156e-03	1.050659	
1 2.964824	3.673155e+02	1.797093e+02	1.499170e+02	5.815965e-01	1.528841e-01	7.298420e-01	5.174594e-02	7.317085e-05	2.509110e-03	1.051431	
1 3.969849	3.777574e+02	1.840954e+02	1.532314e+02	5.812938e-01	1.530069e-01	7.299292e-01	6.928694e-02	7.308457e-05	2.509067e-03	1.052201	
1 4.974874	3.883239e+02	1.885180e+02	1.565492e+02	5.809877e-01	1.531301e-01	7.300167e-01	8.682794e-02	7.299743e-05	2.509027e-03	1.052970	
1 5.979899	3.990109e+02	1.929752e+02	1.598682e+02	5.806787e-01	1.532535e-01	7.301044e-01	1.043689e-01	7.290954e-05	2.508992e-03	1.053737	
1 6.984925	4.098139e+02	1.974649e+02	1.631860e+02	5.803669e-01	1.533771e-01	7.301924e-01	1.219099e-01	7.282096e-05	2.508961e-03	1.054502	
1 7.989950	4.207283e+02	2.019850e+02	1.665005e+02	5.800526e-01	1.535007e-01	7.302804e-01	1.394509e-01	7.273178e-05	2.508933e-03	1.055264	
1 8.994975	4.317492e+02	2.065333e+02	1.698094e+02	5.797363e-01	1.536244e-01	7.303686e-01	1.569919e-01	7.264209e-05	2.508910e-03	1.056024	
1 10.000000	4.428716e+02	2.111075e+02	1.731104e+02	5.794181e-01	1.537480e-01	7.304567e-01	1.745329e-01	7.255197e-05	2.508890e-03	1.056781	

# Wed Jan 25 09:13:24 2017
##### FINIS #####
