# This file was created by 'globes-accuracy 3.1.11' using GLoBES 3.2.13
# The command line was
# ../cdr_testsetup/myacc -A5 -S1.2e-4 -R200 -p0.5857,0.148,0.726,0.0,0.000075,0.002524 -E0.023,0.018,0.058,0.0,0.024,0.016 -F -d 0.02 -DNUTIME=9.34579439252 -DNUBARTIME=9.34579439252 dune_optimized_long.glb data/resdm_optimized_long_no_noconstr_exp800 
#
# Wed Jan 25 07:23:01 2017

------ solution #1 out of 1 ------
-1 0.002404	4.480060e+02	4.276770e+02	3.993811e+02	6.281579e-01	1.479805e-01	7.362249e-01	3.449580e-02	6.956788e-05	2.404000e-03	0.992999	
-1 0.002405	4.389653e+02	4.191257e+02	3.912880e+02	6.277500e-01	1.479762e-01	7.361856e-01	3.439581e-02	6.961896e-05	2.405206e-03	0.993073	
-1 0.002406	4.300178e+02	4.106600e+02	3.832788e+02	6.273415e-01	1.479719e-01	7.361447e-01	3.429240e-02	6.967014e-05	2.406412e-03	0.993148	
-1 0.002408	4.211636e+02	4.022801e+02	3.753534e+02	6.269324e-01	1.479678e-01	7.361023e-01	3.418565e-02	6.972141e-05	2.407618e-03	0.993223	
-1 0.002409	4.124026e+02	3.939858e+02	3.675119e+02	6.265226e-01	1.479638e-01	7.360584e-01	3.407549e-02	6.977278e-05	2.408824e-03	0.993298	
-1 0.002410	4.037349e+02	3.857774e+02	3.597542e+02	6.261122e-01	1.479599e-01	7.360130e-01	3.396178e-02	6.982424e-05	2.410030e-03	0.993372	
-1 0.002411	3.951604e+02	3.776547e+02	3.520803e+02	6.257013e-01	1.479562e-01	7.359660e-01	3.384479e-02	6.987579e-05	2.411236e-03	0.993447	
-1 0.002412	3.866790e+02	3.696179e+02	3.444903e+02	6.252897e-01	1.479525e-01	7.359176e-01	3.372377e-02	6.992744e-05	2.412442e-03	0.993522	
-1 0.002414	3.782909e+02	3.616669e+02	3.369842e+02	6.248776e-01	1.479490e-01	7.358676e-01	3.359952e-02	6.997918e-05	2.413648e-03	0.993597	
-1 0.002415	3.699958e+02	3.538019e+02	3.295619e+02	6.244649e-01	1.479456e-01	7.358162e-01	3.347139e-02	7.003101e-05	2.414854e-03	0.993672	
-1 0.002416	3.617939e+02	3.460229e+02	3.222234e+02	6.240516e-01	1.479423e-01	7.357632e-01	3.333966e-02	7.008293e-05	2.416060e-03	0.993747	
-1 0.002417	3.536850e+02	3.383298e+02	3.149687e+02	6.236378e-01	1.479391e-01	7.357088e-01	3.320418e-02	7.013494e-05	2.417266e-03	0.993823	
-1 0.002418	3.456692e+02	3.307228e+02	3.077979e+02	6.232234e-01	1.479361e-01	7.356529e-01	3.306505e-02	7.018703e-05	2.418472e-03	0.993898	
-1 0.002420	3.377464e+02	3.232018e+02	3.007108e+02	6.228084e-01	1.479332e-01	7.355956e-01	3.292204e-02	7.023922e-05	2.419678e-03	0.993973	
-1 0.002421	3.299166e+02	3.157669e+02	2.937076e+02	6.223929e-01	1.479303e-01	7.355368e-01	3.277515e-02	7.029149e-05	2.420884e-03	0.994048	
-1 0.002422	3.221798e+02	3.084181e+02	2.867881e+02	6.219769e-01	1.479276e-01	7.354765e-01	3.262433e-02	7.034385e-05	2.422090e-03	0.994123	
-1 0.002423	3.145360e+02	3.011555e+02	2.799524e+02	6.215604e-01	1.479250e-01	7.354148e-01	3.246969e-02	7.039630e-05	2.423296e-03	0.994198	
-1 0.002425	3.069851e+02	2.939791e+02	2.732005e+02	6.211433e-01	1.479225e-01	7.353517e-01	3.231089e-02	7.044883e-05	2.424503e-03	0.994273	
-1 0.002426	2.995270e+02	2.868889e+02	2.665323e+02	6.207257e-01	1.479202e-01	7.352872e-01	3.214802e-02	7.050145e-05	2.425709e-03	0.994348	
-1 0.002427	2.921618e+02	2.798850e+02	2.599478e+02	6.203076e-01	1.479179e-01	7.352212e-01	3.198134e-02	7.055415e-05	2.426915e-03	0.994424	
-1 0.002428	2.848895e+02	2.729673e+02	2.534469e+02	6.198890e-01	1.479158e-01	7.351538e-01	3.181038e-02	7.060694e-05	2.428121e-03	0.994499	
-1 0.002429	2.777099e+02	2.661359e+02	2.470298e+02	6.194700e-01	1.479137e-01	7.350850e-01	3.163529e-02	7.065980e-05	2.429327e-03	0.994574	
-1 0.002431	2.706231e+02	2.593909e+02	2.406963e+02	6.190504e-01	1.479118e-01	7.350149e-01	3.145587e-02	7.071275e-05	2.430533e-03	0.994649	
-1 0.002432	2.636290e+02	2.527322e+02	2.344464e+02	6.186304e-01	1.479099e-01	7.349433e-01	3.127234e-02	7.076578e-05	2.431739e-03	0.994724	
-1 0.002433	2.567276e+02	2.461599e+02	2.282801e+02	6.182099e-01	1.479082e-01	7.348704e-01	3.108450e-02	7.081889e-05	2.432945e-03	0.994799	
-1 0.002434	2.499189e+02	2.396740e+02	2.221974e+02	6.177889e-01	1.479066e-01	7.347961e-01	3.089241e-02	7.087208e-05	2.434151e-03	0.994874	
-1 0.002435	2.432028e+02	2.332745e+02	2.161982e+02	6.173675e-01	1.479050e-01	7.347204e-01	3.069556e-02	7.092535e-05	2.435357e-03	0.994949	
-1 0.002437	2.365794e+02	2.269615e+02	2.102825e+02	6.169456e-01	1.479036e-01	7.346434e-01	3.049428e-02	7.097870e-05	2.436563e-03	0.995024	
-1 0.002438	2.300484e+02	2.207349e+02	2.044502e+02	6.165233e-01	1.479023e-01	7.345650e-01	3.028864e-02	7.103213e-05	2.437769e-03	0.995098	
-1 0.002439	2.236100e+02	2.145948e+02	1.987014e+02	6.161006e-01	1.479010e-01	7.344853e-01	3.007855e-02	7.108563e-05	2.438975e-03	0.995173	
-1 0.002440	2.172641e+02	2.085412e+02	1.930360e+02	6.156774e-01	1.478999e-01	7.344043e-01	2.986373e-02	7.113921e-05	2.440181e-03	0.995248	
-1 0.002441	2.110106e+02	2.025742e+02	1.874539e+02	6.152538e-01	1.478989e-01	7.343220e-01	2.964419e-02	7.119286e-05	2.441387e-03	0.995322	
-1 0.002443	2.048495e+02	1.966937e+02	1.819552e+02	6.148298e-01	1.478979e-01	7.342383e-01	2.942011e-02	7.124659e-05	2.442593e-03	0.995397	
-1 0.002444	1.987808e+02	1.908998e+02	1.765397e+02	6.144054e-01	1.478971e-01	7.341533e-01	2.919110e-02	7.130039e-05	2.443799e-03	0.995471	
-1 0.002445	1.928045e+02	1.851924e+02	1.712075e+02	6.139807e-01	1.478963e-01	7.340671e-01	2.895744e-02	7.135427e-05	2.445005e-03	0.995546	
-1 0.002446	1.869204e+02	1.795716e+02	1.659585e+02	6.135555e-01	1.478957e-01	7.339795e-01	2.871860e-02	7.140821e-05	2.446211e-03	0.995620	
-1 0.002447	1.811286e+02	1.740375e+02	1.607926e+02	6.131299e-01	1.478951e-01	7.338907e-01	2.847518e-02	7.146223e-05	2.447417e-03	0.995694	
-1 0.002449	1.754290e+02	1.685899e+02	1.557098e+02	6.127040e-01	1.478946e-01	7.338005e-01	2.822642e-02	7.151632e-05	2.448623e-03	0.995768	
-1 0.002450	1.698215e+02	1.632291e+02	1.507101e+02	6.122778e-01	1.478942e-01	7.337092e-01	2.797282e-02	7.157048e-05	2.449829e-03	0.995842	
-1 0.002451	1.643062e+02	1.579548e+02	1.457933e+02	6.118511e-01	1.478939e-01	7.336166e-01	2.771404e-02	7.162471e-05	2.451035e-03	0.995916	
-1 0.002452	1.588830e+02	1.527672e+02	1.409596e+02	6.114241e-01	1.478937e-01	7.335227e-01	2.745024e-02	7.167900e-05	2.452241e-03	0.995990	
-1 0.002453	1.535518e+02	1.476663e+02	1.362087e+02	6.109968e-01	1.478936e-01	7.334276e-01	2.718118e-02	7.173336e-05	2.453447e-03	0.996064	
-1 0.002455	1.483126e+02	1.426521e+02	1.315407e+02	6.105691e-01	1.478936e-01	7.333312e-01	2.690683e-02	7.178780e-05	2.454653e-03	0.996137	
-1 0.002456	1.431653e+02	1.377245e+02	1.269554e+02	6.101411e-01	1.478936e-01	7.332337e-01	2.662734e-02	7.184229e-05	2.455859e-03	0.996210	
-1 0.002457	1.381100e+02	1.328836e+02	1.224529e+02	6.097128e-01	1.478937e-01	7.331349e-01	2.634475e-02	7.189685e-05	2.457065e-03	0.996284	
-1 0.002458	1.331465e+02	1.281295e+02	1.180331e+02	6.092845e-01	1.478937e-01	7.330350e-01	2.607292e-02	7.195142e-05	2.458271e-03	0.996357	
-1 0.002459	1.282748e+02	1.234620e+02	1.136959e+02	6.088384e-01	1.478846e-01	7.329352e-01	2.546125e-02	7.200888e-05	2.459477e-03	0.996397	
-1 0.002461	1.234949e+02	1.188813e+02	1.094413e+02	6.084098e-01	1.478852e-01	7.328327e-01	2.516132e-02	7.206355e-05	2.460683e-03	0.996470	
-1 0.002462	1.188067e+02	1.143873e+02	1.052691e+02	6.079809e-01	1.478858e-01	7.327290e-01	2.485584e-02	7.211829e-05	2.461889e-03	0.996542	
-1 0.002463	1.142102e+02	1.099800e+02	1.011794e+02	6.075516e-01	1.478866e-01	7.326242e-01	2.454471e-02	7.217309e-05	2.463095e-03	0.996615	
-1 0.002464	1.097053e+02	1.056594e+02	9.717203e+01	6.071222e-01	1.478874e-01	7.325182e-01	2.422775e-02	7.222796e-05	2.464302e-03	0.996688	
-1 0.002466	1.052919e+02	1.014256e+02	9.324697e+01	6.066924e-01	1.478882e-01	7.324111e-01	2.390531e-02	7.228288e-05	2.465508e-03	0.996760	
-1 0.002467	1.009701e+02	9.727846e+01	8.940415e+01	6.062624e-01	1.478892e-01	7.323028e-01	2.357680e-02	7.233785e-05	2.466714e-03	0.996832	
-1 0.002468	9.673977e+01	9.321806e+01	8.564350e+01	6.058322e-01	1.478902e-01	7.321933e-01	2.324254e-02	7.239289e-05	2.467920e-03	0.996905	
-1 0.002469	9.260084e+01	8.924440e+01	8.196494e+01	6.054017e-01	1.478913e-01	7.320828e-01	2.290214e-02	7.244799e-05	2.469126e-03	0.996977	
-1 0.002470	8.855327e+01	8.535745e+01	7.836840e+01	6.049709e-01	1.478925e-01	7.319711e-01	2.255584e-02	7.250314e-05	2.470332e-03	0.997048	
-1 0.002472	8.459702e+01	8.155724e+01	7.485381e+01	6.045400e-01	1.478937e-01	7.318584e-01	2.220364e-02	7.255834e-05	2.471538e-03	0.997120	
-1 0.002473	8.073202e+01	7.784373e+01	7.142110e+01	6.041088e-01	1.478950e-01	7.317445e-01	2.184510e-02	7.261360e-05	2.472744e-03	0.997191	
-1 0.002474	7.695823e+01	7.421695e+01	6.807019e+01	6.036774e-01	1.478964e-01	7.316295e-01	2.148036e-02	7.266892e-05	2.473950e-03	0.997263	
-1 0.002475	7.327559e+01	7.067687e+01	6.480100e+01	6.032459e-01	1.478978e-01	7.315135e-01	2.110931e-02	7.272429e-05	2.475156e-03	0.997334	
-1 0.002476	6.968405e+01	6.722350e+01	6.161346e+01	6.028141e-01	1.478993e-01	7.313963e-01	2.073205e-02	7.277970e-05	2.476362e-03	0.997405	
-1 0.002478	6.618354e+01	6.385682e+01	5.850749e+01	6.023821e-01	1.479009e-01	7.312782e-01	2.034845e-02	7.283517e-05	2.477568e-03	0.997476	
-1 0.002479	6.277402e+01	6.057683e+01	5.548300e+01	6.019500e-01	1.479025e-01	7.311589e-01	1.995804e-02	7.289070e-05	2.478774e-03	0.997546	
-1 0.002480	5.945542e+01	5.738352e+01	5.253991e+01	6.015177e-01	1.479044e-01	7.310384e-01	1.956949e-02	7.294625e-05	2.479980e-03	0.997617	
-1 0.002481	5.622769e+01	5.427688e+01	4.967824e+01	6.010836e-01	1.478989e-01	7.309387e-01	1.903087e-02	7.300267e-05	2.481186e-03	0.997668	
-1 0.002482	5.309077e+01	5.125690e+01	4.689770e+01	6.006509e-01	1.479010e-01	7.308153e-01	1.862622e-02	7.305830e-05	2.482392e-03	0.997739	
-1 0.002484	5.004460e+01	4.832358e+01	4.419831e+01	6.002182e-01	1.479032e-01	7.306908e-01	1.821464e-02	7.311397e-05	2.483598e-03	0.997809	
-1 0.002485	4.708912e+01	4.547689e+01	4.157999e+01	5.997853e-01	1.479054e-01	7.305654e-01	1.779600e-02	7.316969e-05	2.484804e-03	0.997879	
-1 0.002486	4.422427e+01	4.271682e+01	3.904264e+01	5.993523e-01	1.479077e-01	7.304390e-01	1.737039e-02	7.322546e-05	2.486010e-03	0.997949	
-1 0.002487	4.144999e+01	4.004337e+01	3.658617e+01	5.989192e-01	1.479100e-01	7.303116e-01	1.693793e-02	7.328127e-05	2.487216e-03	0.998019	
-1 0.002488	3.876622e+01	3.745651e+01	3.421050e+01	5.984860e-01	1.479124e-01	7.301833e-01	1.649824e-02	7.333713e-05	2.488422e-03	0.998088	
-1 0.002490	3.617290e+01	3.495623e+01	3.191553e+01	5.980527e-01	1.479148e-01	7.300540e-01	1.605129e-02	7.339303e-05	2.489628e-03	0.998157	
-1 0.002491	3.366997e+01	3.254252e+01	2.970117e+01	5.976193e-01	1.479173e-01	7.299237e-01	1.559719e-02	7.344897e-05	2.490834e-03	0.998226	
-1 0.002492	3.125735e+01	3.021536e+01	2.756732e+01	5.971858e-01	1.479199e-01	7.297925e-01	1.513571e-02	7.350495e-05	2.492040e-03	0.998295	
-1 0.002493	2.893500e+01	2.797472e+01	2.551389e+01	5.967523e-01	1.479224e-01	7.296604e-01	1.466698e-02	7.356097e-05	2.493246e-03	0.998363	
-1 0.002494	2.670283e+01	2.582060e+01	2.354078e+01	5.963186e-01	1.479250e-01	7.295274e-01	1.419057e-02	7.361702e-05	2.494452e-03	0.998431	
-1 0.002496	2.456080e+01	2.375297e+01	2.164789e+01	5.958850e-01	1.479277e-01	7.293934e-01	1.370669e-02	7.367312e-05	2.495658e-03	0.998499	
-1 0.002497	2.250883e+01	2.177181e+01	1.983513e+01	5.954513e-01	1.479304e-01	7.292585e-01	1.321536e-02	7.372926e-05	2.496864e-03	0.998566	
-1 0.002498	2.054685e+01	1.987710e+01	1.810239e+01	5.950175e-01	1.479331e-01	7.291228e-01	1.271626e-02	7.378543e-05	2.498070e-03	0.998634	
-1 0.002499	1.867481e+01	1.806881e+01	1.644957e+01	5.945838e-01	1.479359e-01	7.289861e-01	1.220933e-02	7.384163e-05	2.499276e-03	0.998701	
-1 0.002500	1.689263e+01	1.634693e+01	1.487657e+01	5.941500e-01	1.479387e-01	7.288486e-01	1.169477e-02	7.389787e-05	2.500482e-03	0.998767	
-1 0.002502	1.520024e+01	1.471142e+01	1.338328e+01	5.937162e-01	1.479416e-01	7.287101e-01	1.117235e-02	7.395415e-05	2.501688e-03	0.998833	
-1 0.002503	1.359758e+01	1.316228e+01	1.196960e+01	5.932824e-01	1.479445e-01	7.285708e-01	1.064192e-02	7.401045e-05	2.502894e-03	0.998900	
-1 0.002504	1.208457e+01	1.169946e+01	1.063543e+01	5.928486e-01	1.479474e-01	7.284307e-01	1.010336e-02	7.406679e-05	2.504101e-03	0.998965	
-1 0.002505	1.066115e+01	1.032294e+01	9.380645e+00	5.924148e-01	1.479504e-01	7.282897e-01	9.556924e-03	7.412316e-05	2.505307e-03	0.999031	
-1 0.002507	9.327253e+00	9.032697e+00	8.205149e+00	5.919811e-01	1.479534e-01	7.281478e-01	9.002295e-03	7.417956e-05	2.506513e-03	0.999096	
-1 0.002508	8.082798e+00	7.828701e+00	7.108828e+00	5.915473e-01	1.479564e-01	7.280051e-01	8.439429e-03	7.423598e-05	2.507719e-03	0.999161	
-1 0.002509	6.927716e+00	6.710922e+00	6.091573e+00	5.911137e-01	1.479595e-01	7.278616e-01	7.868272e-03	7.429243e-05	2.508925e-03	0.999225	
-1 0.002510	5.861937e+00	5.679330e+00	5.153270e+00	5.906800e-01	1.479626e-01	7.277172e-01	7.288723e-03	7.434891e-05	2.510131e-03	0.999289	
-1 0.002511	4.885386e+00	4.733894e+00	4.293807e+00	5.902465e-01	1.479657e-01	7.275720e-01	6.700755e-03	7.440542e-05	2.511337e-03	0.999353	
-1 0.002513	3.997991e+00	3.874583e+00	3.513069e+00	5.898130e-01	1.479689e-01	7.274261e-01	6.104160e-03	7.446195e-05	2.512543e-03	0.999416	
-1 0.002514	3.199678e+00	3.101364e+00	2.810942e+00	5.893796e-01	1.479721e-01	7.272791e-01	5.501844e-03	7.451849e-05	2.513749e-03	0.999479	
-1 0.002515	2.490372e+00	2.414203e+00	2.187313e+00	5.889451e-01	1.479742e-01	7.271364e-01	4.829675e-03	7.457508e-05	2.514955e-03	0.999546	
-1 0.002516	1.869998e+00	1.813066e+00	1.642053e+00	5.885121e-01	1.479777e-01	7.269871e-01	4.220574e-03	7.463168e-05	2.516161e-03	0.999607	
-1 0.002517	1.338481e+00	1.297918e+00	1.175052e+00	5.880792e-01	1.479813e-01	7.268371e-01	3.602740e-03	7.468829e-05	2.517367e-03	0.999669	
-1 0.002519	8.957433e-01	8.687223e-01	7.861884e-01	5.876464e-01	1.479849e-01	7.266864e-01	2.976223e-03	7.474492e-05	2.518573e-03	0.999730	
-1 0.002520	5.417088e-01	5.254429e-01	4.753425e-01	5.872137e-01	1.479885e-01	7.265351e-01	2.340865e-03	7.480157e-05	2.519779e-03	0.999791	
-1 0.002521	2.762998e-01	2.680416e-01	2.423921e-01	5.867810e-01	1.479922e-01	7.263830e-01	1.696663e-03	7.485823e-05	2.520985e-03	0.999851	
-1 0.002522	9.943820e-02	9.647986e-02	8.721440e-02	5.863485e-01	1.479957e-01	7.262302e-01	1.042175e-03	7.491491e-05	2.522191e-03	0.999911	
-1 0.002523	1.104537e-02	1.071829e-02	9.685248e-03	5.859162e-01	1.479984e-01	7.260767e-01	3.398864e-04	7.497164e-05	2.523397e-03	0.999970	
0 0.002524	4.940656e-324	8.941529e-317	4.690379e-12	5.857000e-01	1.480000e-01	7.260000e-01	6.283185e+00	7.500000e-05	2.524000e-03	1.000000	
1 0.002525	1.104205e-02	1.071657e-02	9.680003e-03	5.854839e-01	1.480016e-01	7.259231e-01	6.282843e+00	7.502837e-05	2.524603e-03	1.000030	
1 0.002526	9.934837e-02	9.643359e-02	8.707276e-02	5.850517e-01	1.480043e-01	7.257683e-01	6.282122e+00	7.508512e-05	2.525809e-03	1.000088	
1 0.002527	2.758839e-01	2.678273e-01	2.417363e-01	5.846197e-01	1.480079e-01	7.256129e-01	6.281431e+00	7.514185e-05	2.527015e-03	1.000147	
1 0.002528	5.405677e-01	5.248550e-01	4.735430e-01	5.841877e-01	1.480116e-01	7.254569e-01	6.280732e+00	7.519859e-05	2.528221e-03	1.000205	
1 0.002529	8.933182e-01	8.674730e-01	7.823640e-01	5.837559e-01	1.480153e-01	7.253003e-01	6.280023e+00	7.525534e-05	2.529427e-03	1.000262	
1 0.002531	1.334053e+00	1.295637e+00	1.168069e+00	5.833242e-01	1.480191e-01	7.251430e-01	6.279306e+00	7.531210e-05	2.530633e-03	1.000320	
1 0.002532	1.862690e+00	1.809301e+00	1.630528e+00	5.828927e-01	1.480228e-01	7.249851e-01	6.278579e+00	7.536887e-05	2.531839e-03	1.000376	
1 0.002533	2.479145e+00	2.408419e+00	2.169609e+00	5.824613e-01	1.480265e-01	7.248266e-01	6.277842e+00	7.542564e-05	2.533045e-03	1.000433	
1 0.002534	3.183335e+00	3.092945e+00	2.785178e+00	5.820301e-01	1.480303e-01	7.246675e-01	6.277096e+00	7.548242e-05	2.534251e-03	1.000489	
1 0.002535	3.975175e+00	3.862830e+00	3.477103e+00	5.815991e-01	1.480340e-01	7.245077e-01	6.276341e+00	7.553920e-05	2.535457e-03	1.000545	
1 0.002537	4.854580e+00	4.718025e+00	4.245248e+00	5.811683e-01	1.480377e-01	7.243474e-01	6.275575e+00	7.559599e-05	2.536663e-03	1.000600	
1 0.002538	5.821464e+00	5.658482e+00	5.089478e+00	5.807377e-01	1.480415e-01	7.241865e-01	6.274800e+00	7.565278e-05	2.537869e-03	1.000655	
1 0.002539	6.875742e+00	6.684149e+00	6.009656e+00	5.803073e-01	1.480452e-01	7.240250e-01	6.274015e+00	7.570957e-05	2.539075e-03	1.000709	
1 0.002540	8.017327e+00	7.794976e+00	7.005645e+00	5.798771e-01	1.480490e-01	7.238629e-01	6.273220e+00	7.576636e-05	2.540281e-03	1.000763	
1 0.002541	9.246131e+00	8.990911e+00	8.077306e+00	5.794471e-01	1.480527e-01	7.237002e-01	6.272415e+00	7.582315e-05	2.541487e-03	1.000816	
1 0.002543	1.056207e+01	1.027190e+01	9.224501e+00	5.790173e-01	1.480565e-01	7.235370e-01	6.271601e+00	7.587994e-05	2.542693e-03	1.000869	
1 0.002544	1.196505e+01	1.163789e+01	1.044709e+01	5.785878e-01	1.480602e-01	7.233731e-01	6.270776e+00	7.593673e-05	2.543899e-03	1.000922	
1 0.002545	1.345498e+01	1.308883e+01	1.174493e+01	5.781585e-01	1.480640e-01	7.232088e-01	6.269940e+00	7.599351e-05	2.545106e-03	1.000974	
1 0.002546	1.503178e+01	1.462465e+01	1.311788e+01	5.777294e-01	1.480677e-01	7.230439e-01	6.269095e+00	7.605029e-05	2.546312e-03	1.001025	
1 0.002548	1.669535e+01	1.624532e+01	1.456579e+01	5.773006e-01	1.480714e-01	7.228784e-01	6.268239e+00	7.610707e-05	2.547518e-03	1.001076	
1 0.002549	1.844561e+01	1.795076e+01	1.608853e+01	5.768721e-01	1.480752e-01	7.227124e-01	6.267373e+00	7.616384e-05	2.548724e-03	1.001127	
1 0.002550	2.028246e+01	1.974092e+01	1.768595e+01	5.764439e-01	1.480789e-01	7.225459e-01	6.266496e+00	7.622060e-05	2.549930e-03	1.001177	
1 0.002551	2.220581e+01	2.161574e+01	1.935790e+01	5.760159e-01	1.480826e-01	7.223788e-01	6.265609e+00	7.627735e-05	2.551136e-03	1.001227	
1 0.002552	2.421557e+01	2.357517e+01	2.110424e+01	5.755882e-01	1.480863e-01	7.222112e-01	6.264711e+00	7.633410e-05	2.552342e-03	1.001276	
1 0.002554	2.631164e+01	2.561914e+01	2.292482e+01	5.751608e-01	1.480900e-01	7.220431e-01	6.263802e+00	7.639083e-05	2.553548e-03	1.001325	
1 0.002555	2.849394e+01	2.774758e+01	2.481949e+01	5.747337e-01	1.480937e-01	7.218745e-01	6.262883e+00	7.644755e-05	2.554754e-03	1.001373	
1 0.002556	3.076237e+01	2.996045e+01	2.678810e+01	5.743069e-01	1.480974e-01	7.217054e-01	6.261952e+00	7.650427e-05	2.555960e-03	1.001421	
1 0.002557	3.311684e+01	3.225767e+01	2.883051e+01	5.738804e-01	1.481011e-01	7.215357e-01	6.261011e+00	7.656096e-05	2.557166e-03	1.001468	
1 0.002558	3.555724e+01	3.463919e+01	3.094656e+01	5.734543e-01	1.481048e-01	7.213656e-01	6.260059e+00	7.661765e-05	2.558372e-03	1.001514	
1 0.002560	3.808349e+01	3.710494e+01	3.313610e+01	5.730285e-01	1.481084e-01	7.211950e-01	6.259095e+00	7.667432e-05	2.559578e-03	1.001561	
1 0.002561	4.069548e+01	3.965484e+01	3.539898e+01	5.726030e-01	1.481121e-01	7.210239e-01	6.258120e+00	7.673097e-05	2.560784e-03	1.001606	
1 0.002562	4.339313e+01	4.228885e+01	3.773496e+01	5.721871e-01	1.481125e-01	7.208351e-01	6.256697e+00	7.678784e-05	2.561990e-03	1.001647	
1 0.002563	4.617633e+01	4.500689e+01	4.014405e+01	5.717633e-01	1.481158e-01	7.206613e-01	6.255671e+00	7.684446e-05	2.563196e-03	1.001691	
1 0.002564	4.904499e+01	4.780889e+01	4.262602e+01	5.713398e-01	1.481194e-01	7.204872e-01	6.254637e+00	7.690106e-05	2.564402e-03	1.001735	
1 0.002566	5.199901e+01	5.069479e+01	4.518071e+01	5.709166e-01	1.481229e-01	7.203126e-01	6.253591e+00	7.695763e-05	2.565608e-03	1.001778	
1 0.002567	5.503829e+01	5.366451e+01	4.780796e+01	5.704938e-01	1.481264e-01	7.201375e-01	6.252532e+00	7.701419e-05	2.566814e-03	1.001820	
1 0.002568	5.816273e+01	5.671799e+01	5.050763e+01	5.700715e-01	1.481299e-01	7.199619e-01	6.251461e+00	7.707072e-05	2.568020e-03	1.001862	
1 0.002569	6.137223e+01	5.985516e+01	5.327955e+01	5.696496e-01	1.481333e-01	7.197858e-01	6.250378e+00	7.712723e-05	2.569226e-03	1.001904	
1 0.002570	6.466669e+01	6.307594e+01	5.612356e+01	5.692281e-01	1.481368e-01	7.196092e-01	6.249281e+00	7.718371e-05	2.570432e-03	1.001944	
1 0.002572	6.804602e+01	6.638026e+01	5.903951e+01	5.688070e-01	1.481402e-01	7.194321e-01	6.248172e+00	7.724017e-05	2.571638e-03	1.001984	
1 0.002573	7.151010e+01	6.976805e+01	6.202723e+01	5.683864e-01	1.481436e-01	7.192545e-01	6.247050e+00	7.729660e-05	2.572844e-03	1.002024	
1 0.002574	7.505885e+01	7.323924e+01	6.508657e+01	5.679663e-01	1.481470e-01	7.190764e-01	6.245915e+00	7.735300e-05	2.574050e-03	1.002063	
1 0.002575	7.869214e+01	7.679375e+01	6.821736e+01	5.675466e-01	1.481504e-01	7.188979e-01	6.244766e+00	7.740937e-05	2.575256e-03	1.002101	
1 0.002576	8.240990e+01	8.043151e+01	7.141945e+01	5.671274e-01	1.481537e-01	7.187189e-01	6.243605e+00	7.746571e-05	2.576462e-03	1.002139	
1 0.002578	8.621200e+01	8.415243e+01	7.469266e+01	5.667087e-01	1.481571e-01	7.185394e-01	6.242430e+00	7.752203e-05	2.577668e-03	1.002176	
1 0.002579	9.009835e+01	8.795645e+01	7.803684e+01	5.662904e-01	1.481604e-01	7.183595e-01	6.241242e+00	7.757831e-05	2.578874e-03	1.002213	
1 0.002580	9.406884e+01	9.184349e+01	8.145183e+01	5.658727e-01	1.481636e-01	7.181791e-01	6.240040e+00	7.763455e-05	2.580080e-03	1.002249	
1 0.002581	9.812337e+01	9.581346e+01	8.493745e+01	5.654554e-01	1.481669e-01	7.179982e-01	6.238824e+00	7.769076e-05	2.581286e-03	1.002284	
1 0.002582	1.022618e+02	9.986629e+01	8.849354e+01	5.650387e-01	1.481701e-01	7.178170e-01	6.237595e+00	7.774694e-05	2.582492e-03	1.002319	
1 0.002584	1.064841e+02	1.040019e+02	9.211995e+01	5.646224e-01	1.481733e-01	7.176352e-01	6.236351e+00	7.780308e-05	2.583698e-03	1.002353	
1 0.002585	1.107901e+02	1.082202e+02	9.581649e+01	5.642067e-01	1.481765e-01	7.174531e-01	6.235094e+00	7.785918e-05	2.584905e-03	1.002386	
1 0.002586	1.151798e+02	1.125211e+02	9.958301e+01	5.637915e-01	1.481796e-01	7.172705e-01	6.233823e+00	7.791525e-05	2.586111e-03	1.002419	
1 0.002587	1.196529e+02	1.169046e+02	1.034193e+02	5.633769e-01	1.481827e-01	7.170875e-01	6.232537e+00	7.797127e-05	2.587317e-03	1.002451	
1 0.002589	1.242094e+02	1.213705e+02	1.073253e+02	5.629627e-01	1.481857e-01	7.169040e-01	6.231237e+00	7.802726e-05	2.588523e-03	1.002482	
1 0.002590	1.288492e+02	1.259188e+02	1.113007e+02	5.625492e-01	1.481888e-01	7.167202e-01	6.229923e+00	7.808320e-05	2.589729e-03	1.002513	
1 0.002591	1.335722e+02	1.305493e+02	1.153454e+02	5.621362e-01	1.481918e-01	7.165359e-01	6.228593e+00	7.813910e-05	2.590935e-03	1.002543	
1 0.002592	1.383783e+02	1.352621e+02	1.194593e+02	5.617237e-01	1.481947e-01	7.163513e-01	6.227250e+00	7.819496e-05	2.592141e-03	1.002572	
1 0.002593	1.432674e+02	1.400570e+02	1.236421e+02	5.613119e-01	1.481977e-01	7.161662e-01	6.225891e+00	7.825077e-05	2.593347e-03	1.002600	
1 0.002595	1.482393e+02	1.449339e+02	1.278937e+02	5.609006e-01	1.482006e-01	7.159807e-01	6.224517e+00	7.830654e-05	2.594553e-03	1.002628	
1 0.002596	1.532939e+02	1.498927e+02	1.322139e+02	5.604899e-01	1.482034e-01	7.157949e-01	6.223128e+00	7.836226e-05	2.595759e-03	1.002655	
1 0.002597	1.584312e+02	1.549334e+02	1.366026e+02	5.600797e-01	1.482062e-01	7.156086e-01	6.221724e+00	7.841793e-05	2.596965e-03	1.002682	
1 0.002598	1.636510e+02	1.600558e+02	1.410595e+02	5.596702e-01	1.482090e-01	7.154220e-01	6.220305e+00	7.847356e-05	2.598171e-03	1.002708	
1 0.002599	1.689532e+02	1.652599e+02	1.455842e+02	5.592833e-01	1.482067e-01	7.152007e-01	6.218134e+00	7.852901e-05	2.599377e-03	1.002722	
1 0.002601	1.743377e+02	1.705457e+02	1.501771e+02	5.588761e-01	1.482091e-01	7.150120e-01	6.216651e+00	7.858452e-05	2.600583e-03	1.002746	
1 0.002602	1.798044e+02	1.759128e+02	1.548377e+02	5.584692e-01	1.482116e-01	7.148230e-01	6.215157e+00	7.863997e-05	2.601789e-03	1.002769	
1 0.002603	1.853532e+02	1.813614e+02	1.595659e+02	5.580630e-01	1.482140e-01	7.146337e-01	6.213646e+00	7.869537e-05	2.602995e-03	1.002791	
1 0.002604	1.909839e+02	1.868914e+02	1.643616e+02	5.576575e-01	1.482164e-01	7.144440e-01	6.212118e+00	7.875072e-05	2.604201e-03	1.002813	
1 0.002605	1.966965e+02	1.925025e+02	1.692244e+02	5.572527e-01	1.482188e-01	7.142539e-01	6.210574e+00	7.880602e-05	2.605407e-03	1.002833	
1 0.002607	2.024908e+02	1.981947e+02	1.741543e+02	5.568484e-01	1.482211e-01	7.140634e-01	6.209012e+00	7.886125e-05	2.606613e-03	1.002853	
1 0.002608	2.083668e+02	2.039680e+02	1.791510e+02	5.564449e-01	1.482234e-01	7.138726e-01	6.207434e+00	7.891643e-05	2.607819e-03	1.002873	
1 0.002609	2.143242e+02	2.098222e+02	1.842144e+02	5.560420e-01	1.482256e-01	7.136814e-01	6.205837e+00	7.897154e-05	2.609025e-03	1.002891	
1 0.002610	2.203630e+02	2.157572e+02	1.893443e+02	5.556398e-01	1.482277e-01	7.134899e-01	6.204224e+00	7.902660e-05	2.610231e-03	1.002909	
1 0.002611	2.264831e+02	2.217730e+02	1.945405e+02	5.552383e-01	1.482298e-01	7.132980e-01	6.202593e+00	7.908160e-05	2.611437e-03	1.002926	
1 0.002613	2.326844e+02	2.278694e+02	1.998029e+02	5.548375e-01	1.482318e-01	7.131058e-01	6.200944e+00	7.913654e-05	2.612643e-03	1.002942	
1 0.002614	2.389667e+02	2.340464e+02	2.051313e+02	5.544374e-01	1.482338e-01	7.129132e-01	6.199277e+00	7.919141e-05	2.613849e-03	1.002957	
1 0.002615	2.453299e+02	2.403038e+02	2.105254e+02	5.540379e-01	1.482357e-01	7.127202e-01	6.197592e+00	7.924622e-05	2.615055e-03	1.002972	
1 0.002616	2.517739e+02	2.466416e+02	2.159851e+02	5.536392e-01	1.482376e-01	7.125270e-01	6.195889e+00	7.930096e-05	2.616261e-03	1.002985	
1 0.002617	2.582986e+02	2.530596e+02	2.215103e+02	5.532413e-01	1.482393e-01	7.123333e-01	6.194168e+00	7.935563e-05	2.617467e-03	1.002998	
1 0.002619	2.649039e+02	2.595577e+02	2.271007e+02	5.528440e-01	1.482411e-01	7.121394e-01	6.192427e+00	7.941024e-05	2.618673e-03	1.003010	
1 0.002620	2.715896e+02	2.661359e+02	2.327561e+02	5.524474e-01	1.482427e-01	7.119451e-01	6.190668e+00	7.946478e-05	2.619879e-03	1.003021	
1 0.002621	2.783556e+02	2.727941e+02	2.384765e+02	5.520516e-01	1.482443e-01	7.117505e-01	6.188890e+00	7.951926e-05	2.621085e-03	1.003032	
1 0.002622	2.852019e+02	2.795321e+02	2.442615e+02	5.516566e-01	1.482459e-01	7.115556e-01	6.187092e+00	7.957366e-05	2.622291e-03	1.003041	
1 0.002623	2.921282e+02	2.863498e+02	2.501110e+02	5.512622e-01	1.482473e-01	7.113604e-01	6.185276e+00	7.962799e-05	2.623497e-03	1.003050	
1 0.002625	2.991345e+02	2.932471e+02	2.560249e+02	5.508687e-01	1.482487e-01	7.111649e-01	6.183441e+00	7.968224e-05	2.624704e-03	1.003057	
1 0.002626	3.062207e+02	3.002240e+02	2.620028e+02	5.504758e-01	1.482501e-01	7.109690e-01	6.181585e+00	7.973643e-05	2.625910e-03	1.003064	
1 0.002627	3.133866e+02	3.072804e+02	2.680448e+02	5.500838e-01	1.482513e-01	7.107729e-01	6.179710e+00	7.979053e-05	2.627116e-03	1.003070	
1 0.002628	3.206321e+02	3.144160e+02	2.741505e+02	5.496925e-01	1.482525e-01	7.105764e-01	6.177815e+00	7.984456e-05	2.628322e-03	1.003076	
1 0.002630	3.279571e+02	3.216308e+02	2.803198e+02	5.493020e-01	1.482536e-01	7.103796e-01	6.175900e+00	7.989852e-05	2.629528e-03	1.003080	
1 0.002631	3.353614e+02	3.289248e+02	2.865524e+02	5.489122e-01	1.482546e-01	7.101826e-01	6.173964e+00	7.995239e-05	2.630734e-03	1.003083	
1 0.002632	3.428450e+02	3.362978e+02	2.928483e+02	5.485233e-01	1.482556e-01	7.099853e-01	6.172008e+00	8.000619e-05	2.631940e-03	1.003086	
1 0.002633	3.504077e+02	3.437496e+02	2.992072e+02	5.481352e-01	1.482565e-01	7.097876e-01	6.170032e+00	8.005990e-05	2.633146e-03	1.003087	
1 0.002634	3.580494e+02	3.512802e+02	3.056289e+02	5.477478e-01	1.482573e-01	7.095897e-01	6.168034e+00	8.011354e-05	2.634352e-03	1.003088	
1 0.002636	3.657700e+02	3.588895e+02	3.121133e+02	5.473612e-01	1.482580e-01	7.093915e-01	6.166016e+00	8.016709e-05	2.635558e-03	1.003087	
1 0.002637	3.735693e+02	3.665774e+02	3.186602e+02	5.469754e-01	1.482587e-01	7.091931e-01	6.163976e+00	8.022056e-05	2.636764e-03	1.003086	
1 0.002638	3.814472e+02	3.743437e+02	3.252693e+02	5.465905e-01	1.482593e-01	7.089943e-01	6.161914e+00	8.027394e-05	2.637970e-03	1.003084	
1 0.002639	3.894037e+02	3.821884e+02	3.319404e+02	5.462063e-01	1.482597e-01	7.087953e-01	6.159831e+00	8.032724e-05	2.639176e-03	1.003081	
1 0.002640	3.974385e+02	3.901112e+02	3.386735e+02	5.458230e-01	1.482602e-01	7.085960e-01	6.157727e+00	8.038045e-05	2.640382e-03	1.003077	
1 0.002642	4.055515e+02	3.981122e+02	3.454683e+02	5.454405e-01	1.482605e-01	7.083965e-01	6.155600e+00	8.043357e-05	2.641588e-03	1.003072	
1 0.002643	4.137427e+02	4.061912e+02	3.523246e+02	5.450588e-01	1.482607e-01	7.081967e-01	6.153451e+00	8.048660e-05	2.642794e-03	1.003066	
1 0.002644	4.220119e+02	4.143481e+02	3.592422e+02	5.446780e-01	1.482609e-01	7.079966e-01	6.151279e+00	8.053955e-05	2.644000e-03	1.003059	

# Wed Jan 25 07:30:56 2017
##### FINIS #####
