# This file was created by 'globes-accuracy 3.1.11' using GLoBES 3.2.13
# The command line was
# ../cdr_testsetup/myacc -A3 -X-190,10 -R200 -p0.5857,0.148,0.726,-1.570796,0.000075,0.002524 -E0.023,0.018,0.058,0.0,0.024,0.016 -F -d 0.02 -DNUTIME=0.876168224299 -DNUBARTIME=0.876168224299 dune_optimized_long_syst3pc.glb data/resdcp-90_optimized_long_syst3pc_no_exp75 
#
# Fri Mar 10 11:08:26 2017

------ solution #1 out of 1 ------
-1 -190.000000	1.848418e+01	1.601522e+01	1.342371e+01	5.852333e-01	1.501353e-01	7.359439e-01	-3.316126e+00	7.492536e-05	2.533992e-03	1.005830	
-1 -188.994975	1.794477e+01	1.555023e+01	1.303536e+01	5.852596e-01	1.501007e-01	7.357189e-01	-3.298585e+00	7.493253e-05	2.534043e-03	1.005707	
-1 -187.989950	1.741391e+01	1.509283e+01	1.265305e+01	5.852850e-01	1.500660e-01	7.354969e-01	-3.281044e+00	7.493947e-05	2.534089e-03	1.005585	
-1 -186.984925	1.689171e+01	1.464310e+01	1.227687e+01	5.853097e-01	1.500314e-01	7.352778e-01	-3.263503e+00	7.494616e-05	2.534131e-03	1.005463	
-1 -185.979899	1.637830e+01	1.420113e+01	1.190691e+01	5.853336e-01	1.499968e-01	7.350616e-01	-3.245962e+00	7.495262e-05	2.534169e-03	1.005342	
-1 -184.974874	1.587376e+01	1.376699e+01	1.154325e+01	5.853566e-01	1.499622e-01	7.348482e-01	-3.228421e+00	7.495883e-05	2.534203e-03	1.005222	
-1 -183.969849	1.537820e+01	1.334075e+01	1.118596e+01	5.853789e-01	1.499276e-01	7.346378e-01	-3.210880e+00	7.496480e-05	2.534232e-03	1.005102	
-1 -182.964824	1.489169e+01	1.292245e+01	1.083512e+01	5.854004e-01	1.498931e-01	7.344303e-01	-3.193339e+00	7.497052e-05	2.534258e-03	1.004983	
-1 -181.959799	1.441431e+01	1.251216e+01	1.049077e+01	5.854210e-01	1.498586e-01	7.342256e-01	-3.175798e+00	7.497601e-05	2.534279e-03	1.004865	
-1 -180.954774	1.394611e+01	1.210990e+01	1.015297e+01	5.854409e-01	1.498243e-01	7.340239e-01	-3.158257e+00	7.498125e-05	2.534296e-03	1.004748	
-1 -179.949749	1.348716e+01	1.171572e+01	9.821757e+00	5.854600e-01	1.497900e-01	7.338251e-01	-3.140716e+00	7.498626e-05	2.534309e-03	1.004632	
-1 -178.944724	1.303749e+01	1.132963e+01	9.497176e+00	5.854783e-01	1.497558e-01	7.336291e-01	-3.123175e+00	7.499103e-05	2.534318e-03	1.004516	
-1 -177.939698	1.259714e+01	1.095165e+01	9.179254e+00	5.854958e-01	1.497217e-01	7.334360e-01	-3.105634e+00	7.499556e-05	2.534323e-03	1.004401	
-1 -176.934673	1.216613e+01	1.058179e+01	8.868014e+00	5.855125e-01	1.496878e-01	7.332458e-01	-3.088093e+00	7.499986e-05	2.534324e-03	1.004288	
-1 -175.929648	1.174448e+01	1.022004e+01	8.563473e+00	5.855284e-01	1.496540e-01	7.330585e-01	-3.070552e+00	7.500392e-05	2.534321e-03	1.004175	
-1 -174.924623	1.133219e+01	9.866411e+00	8.265639e+00	5.855436e-01	1.496203e-01	7.328740e-01	-3.053011e+00	7.500776e-05	2.534315e-03	1.004064	
-1 -173.919598	1.092927e+01	9.520878e+00	7.974517e+00	5.855580e-01	1.495868e-01	7.326924e-01	-3.035470e+00	7.501136e-05	2.534304e-03	1.003953	
-1 -172.914573	1.053570e+01	9.183422e+00	7.690103e+00	5.855717e-01	1.495534e-01	7.325136e-01	-3.017929e+00	7.501475e-05	2.534290e-03	1.003843	
-1 -171.909548	1.015147e+01	8.854017e+00	7.412388e+00	5.855847e-01	1.495203e-01	7.323377e-01	-3.000388e+00	7.501791e-05	2.534272e-03	1.003735	
-1 -170.904523	9.776551e+00	8.532628e+00	7.141358e+00	5.855969e-01	1.494873e-01	7.321646e-01	-2.982847e+00	7.502085e-05	2.534250e-03	1.003628	
-1 -169.899497	9.410907e+00	8.219215e+00	6.876990e+00	5.856084e-01	1.494545e-01	7.319943e-01	-2.965306e+00	7.502357e-05	2.534224e-03	1.003522	
-1 -168.894472	9.054498e+00	7.913731e+00	6.619257e+00	5.856192e-01	1.494219e-01	7.318267e-01	-2.947765e+00	7.502609e-05	2.534195e-03	1.003417	
-1 -167.889447	8.707275e+00	7.616124e+00	6.368127e+00	5.856293e-01	1.493895e-01	7.316620e-01	-2.930224e+00	7.502839e-05	2.534162e-03	1.003314	
-1 -166.884422	8.369180e+00	7.326335e+00	6.123563e+00	5.856387e-01	1.493573e-01	7.315000e-01	-2.912683e+00	7.503050e-05	2.534125e-03	1.003211	
-1 -165.879397	8.040152e+00	7.044300e+00	5.885519e+00	5.856475e-01	1.493254e-01	7.313408e-01	-2.895142e+00	7.503240e-05	2.534085e-03	1.003110	
-1 -164.874372	7.720119e+00	6.769951e+00	5.653948e+00	5.856556e-01	1.492937e-01	7.311843e-01	-2.877601e+00	7.503411e-05	2.534042e-03	1.003011	
-1 -163.869347	7.409006e+00	6.503211e+00	5.428795e+00	5.856631e-01	1.492622e-01	7.310305e-01	-2.860060e+00	7.503563e-05	2.533995e-03	1.002912	
-1 -162.864322	7.106728e+00	6.244002e+00	5.210003e+00	5.856700e-01	1.492311e-01	7.308795e-01	-2.842519e+00	7.503696e-05	2.533944e-03	1.002815	
-1 -161.859296	6.813198e+00	5.992240e+00	4.997509e+00	5.856763e-01	1.492001e-01	7.307311e-01	-2.824978e+00	7.503811e-05	2.533890e-03	1.002720	
-1 -160.854271	6.528319e+00	5.747834e+00	4.791244e+00	5.856819e-01	1.491695e-01	7.305854e-01	-2.807437e+00	7.503909e-05	2.533833e-03	1.002626	
-1 -159.849246	6.251992e+00	5.510693e+00	4.591136e+00	5.856871e-01	1.491391e-01	7.304424e-01	-2.789896e+00	7.503989e-05	2.533773e-03	1.002533	
-1 -158.844221	5.984110e+00	5.280718e+00	4.397111e+00	5.856916e-01	1.491090e-01	7.303020e-01	-2.772355e+00	7.504053e-05	2.533709e-03	1.002441	
-1 -157.839196	5.724563e+00	5.057808e+00	4.209088e+00	5.856956e-01	1.490792e-01	7.301643e-01	-2.754814e+00	7.504101e-05	2.533642e-03	1.002352	
-1 -156.834171	5.473234e+00	4.841858e+00	4.026983e+00	5.856991e-01	1.490498e-01	7.300291e-01	-2.737273e+00	7.504134e-05	2.533572e-03	1.002263	
-1 -155.829146	5.230002e+00	4.632760e+00	3.850710e+00	5.857022e-01	1.490206e-01	7.298966e-01	-2.719732e+00	7.504151e-05	2.533498e-03	1.002176	
-1 -154.824121	4.994742e+00	4.430401e+00	3.680177e+00	5.857047e-01	1.489917e-01	7.297666e-01	-2.702191e+00	7.504155e-05	2.533422e-03	1.002091	
-1 -153.819095	4.767326e+00	4.234668e+00	3.515292e+00	5.857068e-01	1.489632e-01	7.296391e-01	-2.684650e+00	7.504144e-05	2.533343e-03	1.002007	
-1 -152.814070	4.547621e+00	4.045442e+00	3.355958e+00	5.857084e-01	1.489350e-01	7.295142e-01	-2.667109e+00	7.504121e-05	2.533260e-03	1.001925	
-1 -151.809045	4.335489e+00	3.862602e+00	3.202076e+00	5.857096e-01	1.489071e-01	7.293918e-01	-2.649568e+00	7.504084e-05	2.533175e-03	1.001844	
-1 -150.804020	4.130790e+00	3.686027e+00	3.053544e+00	5.857104e-01	1.488796e-01	7.292719e-01	-2.632027e+00	7.504036e-05	2.533087e-03	1.001765	
-1 -149.798995	3.933382e+00	3.515592e+00	2.910258e+00	5.857108e-01	1.488524e-01	7.291545e-01	-2.614486e+00	7.503976e-05	2.532995e-03	1.001687	
-1 -148.793970	3.743119e+00	3.351169e+00	2.772112e+00	5.857109e-01	1.488256e-01	7.290395e-01	-2.596945e+00	7.503906e-05	2.532901e-03	1.001611	
-1 -147.788945	3.559851e+00	3.192631e+00	2.638998e+00	5.857106e-01	1.487991e-01	7.289269e-01	-2.579404e+00	7.503826e-05	2.532805e-03	1.001536	
-1 -146.783920	3.383428e+00	3.039847e+00	2.510805e+00	5.857100e-01	1.487730e-01	7.288168e-01	-2.561863e+00	7.503736e-05	2.532705e-03	1.001463	
-1 -145.778894	3.213697e+00	2.892685e+00	2.387423e+00	5.857091e-01	1.487473e-01	7.287091e-01	-2.544322e+00	7.503637e-05	2.532603e-03	1.001392	
-1 -144.773869	3.050504e+00	2.751014e+00	2.268738e+00	5.857079e-01	1.487219e-01	7.286037e-01	-2.526781e+00	7.503529e-05	2.532498e-03	1.001323	
-1 -143.768844	2.893690e+00	2.614700e+00	2.154637e+00	5.857064e-01	1.486969e-01	7.285008e-01	-2.509240e+00	7.503414e-05	2.532390e-03	1.001255	
-1 -142.763819	2.743100e+00	2.483608e+00	2.045005e+00	5.857047e-01	1.486723e-01	7.284001e-01	-2.491699e+00	7.503292e-05	2.532280e-03	1.001188	
-1 -141.758794	2.598574e+00	2.357605e+00	1.939726e+00	5.857028e-01	1.486481e-01	7.283018e-01	-2.474158e+00	7.503164e-05	2.532168e-03	1.001123	
-1 -140.753769	2.459953e+00	2.236556e+00	1.838684e+00	5.857007e-01	1.486243e-01	7.282058e-01	-2.456617e+00	7.503029e-05	2.532053e-03	1.001060	
-1 -139.748744	2.327076e+00	2.120326e+00	1.741763e+00	5.856984e-01	1.486009e-01	7.281120e-01	-2.439076e+00	7.502890e-05	2.531935e-03	1.000999	
-1 -138.743719	2.199783e+00	2.008780e+00	1.648845e+00	5.856959e-01	1.485779e-01	7.280205e-01	-2.421535e+00	7.502745e-05	2.531815e-03	1.000939	
-1 -137.738693	2.077914e+00	1.901783e+00	1.559815e+00	5.856933e-01	1.485553e-01	7.279313e-01	-2.403994e+00	7.502597e-05	2.531693e-03	1.000881	
-1 -136.733668	1.961307e+00	1.799202e+00	1.474556e+00	5.856906e-01	1.485330e-01	7.278443e-01	-2.386453e+00	7.502445e-05	2.531569e-03	1.000824	
-1 -135.728643	1.849804e+00	1.700905e+00	1.392951e+00	5.856878e-01	1.485113e-01	7.277595e-01	-2.368912e+00	7.502291e-05	2.531442e-03	1.000770	
-1 -134.723618	1.743245e+00	1.606757e+00	1.314885e+00	5.856848e-01	1.484899e-01	7.276769e-01	-2.351371e+00	7.502134e-05	2.531313e-03	1.000717	
-1 -133.718593	1.641472e+00	1.516629e+00	1.240244e+00	5.856819e-01	1.484689e-01	7.275964e-01	-2.333830e+00	7.501976e-05	2.531182e-03	1.000665	
-1 -132.713568	1.544327e+00	1.430391e+00	1.168914e+00	5.856788e-01	1.484484e-01	7.275181e-01	-2.316289e+00	7.501816e-05	2.531048e-03	1.000615	
-1 -131.708543	1.451654e+00	1.347914e+00	1.100781e+00	5.856758e-01	1.484283e-01	7.274420e-01	-2.298748e+00	7.501656e-05	2.530913e-03	1.000567	
-1 -130.703518	1.363300e+00	1.269071e+00	1.035735e+00	5.856727e-01	1.484086e-01	7.273679e-01	-2.281207e+00	7.501497e-05	2.530775e-03	1.000521	
-1 -129.698492	1.279112e+00	1.193738e+00	9.736660e-01	5.856697e-01	1.483894e-01	7.272960e-01	-2.263666e+00	7.501337e-05	2.530636e-03	1.000476	
-1 -128.693467	1.198938e+00	1.121792e+00	9.144648e-01	5.856667e-01	1.483706e-01	7.272261e-01	-2.246125e+00	7.501179e-05	2.530494e-03	1.000433	
-1 -127.688442	1.122632e+00	1.053111e+00	8.580253e-01	5.856637e-01	1.483522e-01	7.271584e-01	-2.228584e+00	7.501023e-05	2.530351e-03	1.000391	
-1 -126.683417	1.050047e+00	9.875772e-01	8.042429e-01	5.856608e-01	1.483343e-01	7.270926e-01	-2.211043e+00	7.500868e-05	2.530206e-03	1.000352	
-1 -125.678392	9.810399e-01	9.250747e-01	7.530149e-01	5.856579e-01	1.483168e-01	7.270289e-01	-2.193502e+00	7.500717e-05	2.530059e-03	1.000314	
-1 -124.673367	9.154706e-01	8.654898e-01	7.042411e-01	5.856552e-01	1.482998e-01	7.269673e-01	-2.175961e+00	7.500568e-05	2.529910e-03	1.000277	
-1 -123.668342	8.532017e-01	8.087118e-01	6.578235e-01	5.856525e-01	1.482832e-01	7.269076e-01	-2.158420e+00	7.500424e-05	2.529759e-03	1.000242	
-1 -122.663317	7.940993e-01	7.546331e-01	6.136670e-01	5.856500e-01	1.482671e-01	7.268499e-01	-2.140879e+00	7.500283e-05	2.529607e-03	1.000209	
-1 -121.658291	7.380326e-01	7.031488e-01	5.716786e-01	5.856477e-01	1.482514e-01	7.267942e-01	-2.123338e+00	7.500147e-05	2.529453e-03	1.000178	
-1 -120.653266	6.848747e-01	6.541574e-01	5.317686e-01	5.856454e-01	1.482362e-01	7.267405e-01	-2.105797e+00	7.500016e-05	2.529297e-03	1.000148	
-1 -119.648241	6.345023e-01	6.075608e-01	4.938501e-01	5.856434e-01	1.482214e-01	7.266888e-01	-2.088256e+00	7.499891e-05	2.529140e-03	1.000120	
-1 -118.643216	5.867961e-01	5.632640e-01	4.578391e-01	5.856415e-01	1.482071e-01	7.266389e-01	-2.070715e+00	7.499771e-05	2.528982e-03	1.000093	
-1 -117.638191	5.416410e-01	5.211759e-01	4.236550e-01	5.856398e-01	1.481933e-01	7.265910e-01	-2.053174e+00	7.499658e-05	2.528821e-03	1.000069	
-1 -116.633166	4.989258e-01	4.812089e-01	3.912204e-01	5.856384e-01	1.481799e-01	7.265451e-01	-2.035633e+00	7.499551e-05	2.528660e-03	1.000045	
-1 -115.628141	4.585442e-01	4.432793e-01	3.604613e-01	5.856371e-01	1.481670e-01	7.265010e-01	-2.018092e+00	7.499451e-05	2.528497e-03	1.000024	
-1 -114.623116	4.203940e-01	4.073072e-01	3.313075e-01	5.856361e-01	1.481546e-01	7.264588e-01	-2.000551e+00	7.499359e-05	2.528333e-03	1.000004	
-1 -113.618090	3.843781e-01	3.732169e-01	3.036920e-01	5.856353e-01	1.481426e-01	7.264185e-01	-1.983010e+00	7.499275e-05	2.528167e-03	0.999985	
-1 -112.613065	3.504040e-01	3.409365e-01	2.775518e-01	5.856347e-01	1.481311e-01	7.263801e-01	-1.965469e+00	7.499198e-05	2.528000e-03	0.999968	
-1 -111.608040	3.183841e-01	3.103985e-01	2.528276e-01	5.856344e-01	1.481201e-01	7.263435e-01	-1.947928e+00	7.499130e-05	2.527832e-03	0.999953	
-1 -110.603015	2.882361e-01	2.815396e-01	2.294642e-01	5.856344e-01	1.481095e-01	7.263089e-01	-1.930387e+00	7.499070e-05	2.527663e-03	0.999940	
-1 -109.597990	2.598826e-01	2.543010e-01	2.074103e-01	5.856347e-01	1.480995e-01	7.262760e-01	-1.912846e+00	7.499019e-05	2.527492e-03	0.999928	
-1 -108.592965	2.332517e-01	2.286282e-01	1.866185e-01	5.856352e-01	1.480899e-01	7.262451e-01	-1.895305e+00	7.498977e-05	2.527321e-03	0.999917	
-1 -107.587940	2.082770e-01	2.044712e-01	1.670457e-01	5.856360e-01	1.480807e-01	7.262159e-01	-1.877764e+00	7.498945e-05	2.527148e-03	0.999908	
-1 -106.582915	1.848971e-01	1.817846e-01	1.486530e-01	5.856371e-01	1.480721e-01	7.261886e-01	-1.860223e+00	7.498922e-05	2.526974e-03	0.999901	
-1 -105.577889	1.630568e-01	1.605277e-01	1.314058e-01	5.856385e-01	1.480639e-01	7.261631e-01	-1.842682e+00	7.498908e-05	2.526800e-03	0.999895	
-1 -104.572864	1.427060e-01	1.406644e-01	1.152737e-01	5.856403e-01	1.480563e-01	7.261395e-01	-1.825141e+00	7.498905e-05	2.526624e-03	0.999891	
-1 -103.567839	1.238007e-01	1.221634e-01	1.002309e-01	5.856423e-01	1.480491e-01	7.261176e-01	-1.807600e+00	7.498911e-05	2.526448e-03	0.999889	
-1 -102.562814	1.063024e-01	1.049981e-01	8.625572e-02	5.856446e-01	1.480424e-01	7.260976e-01	-1.790059e+00	7.498928e-05	2.526270e-03	0.999887	
-1 -101.557789	9.017861e-02	8.914683e-02	7.333115e-02	5.856472e-01	1.480362e-01	7.260794e-01	-1.772518e+00	7.498954e-05	2.526092e-03	0.999888	
-1 -100.552764	7.540272e-02	7.459266e-02	6.144462e-02	5.856502e-01	1.480304e-01	7.260630e-01	-1.754977e+00	7.498991e-05	2.525913e-03	0.999890	
-1 -99.547739	6.195398e-02	6.132360e-02	5.058804e-02	5.856535e-01	1.480252e-01	7.260485e-01	-1.737436e+00	7.499038e-05	2.525734e-03	0.999893	
-1 -98.542714	4.981764e-02	4.933255e-02	4.075791e-02	5.856571e-01	1.480204e-01	7.260357e-01	-1.719895e+00	7.499096e-05	2.525554e-03	0.999898	
-1 -97.537688	3.898490e-02	3.861728e-02	3.195527e-02	5.856609e-01	1.480162e-01	7.260248e-01	-1.702354e+00	7.499164e-05	2.525373e-03	0.999905	
-1 -96.532663	2.945301e-02	2.918054e-02	2.418569e-02	5.856652e-01	1.480124e-01	7.260156e-01	-1.684813e+00	7.499242e-05	2.525191e-03	0.999913	
-1 -95.527638	2.122523e-02	2.102996e-02	1.745937e-02	5.856697e-01	1.480091e-01	7.260082e-01	-1.667272e+00	7.499330e-05	2.525009e-03	0.999922	
-1 -94.522613	1.431082e-02	1.417811e-02	1.179103e-02	5.856745e-01	1.480064e-01	7.260027e-01	-1.649731e+00	7.499430e-05	2.524827e-03	0.999933	
-1 -93.517588	8.725086e-03	8.642466e-03	7.199980e-03	5.856797e-01	1.480041e-01	7.259988e-01	-1.632190e+00	7.499538e-05	2.524644e-03	0.999945	
-1 -92.512563	4.489339e-03	4.445416e-03	3.710057e-03	5.856851e-01	1.480023e-01	7.259975e-01	-1.614649e+00	7.499658e-05	2.524460e-03	0.999959	
-1 -91.507538	1.630880e-03	1.614222e-03	1.349643e-03	5.856908e-01	1.480010e-01	7.259972e-01	-1.597108e+00	7.499789e-05	2.524276e-03	0.999974	
-1 -90.502513	1.829746e-04	1.810068e-04	1.516171e-04	5.856969e-01	1.480002e-01	7.259986e-01	-1.579567e+00	7.499927e-05	2.524092e-03	0.999991	
0 -89.999986	2.524000e-03	7.500000e-05	9.643002e-14	5.857000e-01	1.480000e-01	7.260000e-01	-1.570796e+00	7.500000e-05	2.524000e-03	1.000000	
1 -89.497487	1.848264e-04	1.827191e-04	1.533360e-04	5.857032e-01	1.479999e-01	7.260019e-01	-1.562026e+00	7.500075e-05	2.523908e-03	1.000009	
1 -88.492462	1.681531e-03	1.661100e-03	1.396592e-03	5.857099e-01	1.480001e-01	7.260069e-01	-1.544485e+00	7.500232e-05	2.523723e-03	1.000029	
1 -87.487437	4.724030e-03	4.662640e-03	3.927574e-03	5.857167e-01	1.480009e-01	7.260140e-01	-1.526944e+00	7.500402e-05	2.523538e-03	1.000050	
1 -86.482412	9.369057e-03	9.238534e-03	7.796815e-03	5.857237e-01	1.480020e-01	7.260237e-01	-1.509403e+00	7.500580e-05	2.523353e-03	1.000072	
1 -85.477387	1.567907e-02	1.544463e-02	1.305916e-02	5.857311e-01	1.480037e-01	7.260352e-01	-1.491862e+00	7.500766e-05	2.523168e-03	1.000096	
1 -84.472362	2.372220e-02	2.334136e-02	1.977364e-02	5.857388e-01	1.480059e-01	7.260474e-01	-1.474321e+00	7.500960e-05	2.522982e-03	1.000121	
1 -83.467337	3.357214e-02	3.299369e-02	2.800352e-02	5.857466e-01	1.480086e-01	7.260622e-01	-1.456780e+00	7.501163e-05	2.522796e-03	1.000148	
1 -82.462312	4.530809e-02	4.447105e-02	3.781613e-02	5.857547e-01	1.480118e-01	7.260789e-01	-1.439239e+00	7.501374e-05	2.522611e-03	1.000175	
1 -81.457286	5.901467e-02	5.784726e-02	4.928282e-02	5.857629e-01	1.480155e-01	7.260975e-01	-1.421698e+00	7.501593e-05	2.522425e-03	1.000205	
1 -80.452261	7.478179e-02	7.320043e-02	6.247889e-02	5.857714e-01	1.480197e-01	7.261180e-01	-1.404157e+00	7.501820e-05	2.522240e-03	1.000235	
1 -79.447236	9.270456e-02	9.061292e-02	7.748349e-02	5.857800e-01	1.480245e-01	7.261405e-01	-1.386616e+00	7.502053e-05	2.522055e-03	1.000267	
1 -78.442211	1.128832e-01	1.101712e-01	9.437952e-02	5.857889e-01	1.480297e-01	7.261649e-01	-1.369075e+00	7.502293e-05	2.521869e-03	1.000301	
1 -77.437186	1.354229e-01	1.319657e-01	1.132536e-01	5.857978e-01	1.480354e-01	7.261912e-01	-1.351534e+00	7.502540e-05	2.521684e-03	1.000335	
1 -76.432161	1.604337e-01	1.560910e-01	1.341958e-01	5.858069e-01	1.480416e-01	7.262195e-01	-1.333993e+00	7.502793e-05	2.521499e-03	1.000371	
1 -75.427136	1.880304e-01	1.826454e-01	1.572996e-01	5.858162e-01	1.480483e-01	7.262498e-01	-1.316452e+00	7.503051e-05	2.521315e-03	1.000409	
1 -74.422111	2.183322e-01	2.117307e-01	1.826622e-01	5.858255e-01	1.480555e-01	7.262821e-01	-1.298911e+00	7.503314e-05	2.521130e-03	1.000447	
1 -73.417085	2.514630e-01	2.434527e-01	2.103834e-01	5.858350e-01	1.480633e-01	7.263163e-01	-1.281370e+00	7.503582e-05	2.520946e-03	1.000487	
1 -72.412060	2.875508e-01	2.779203e-01	2.405667e-01	5.858445e-01	1.480715e-01	7.263527e-01	-1.263829e+00	7.503854e-05	2.520762e-03	1.000528	
1 -71.407035	3.267276e-01	3.152461e-01	2.733180e-01	5.858540e-01	1.480802e-01	7.263910e-01	-1.246288e+00	7.504130e-05	2.520579e-03	1.000571	
1 -70.402010	3.691298e-01	3.555457e-01	3.087465e-01	5.858636e-01	1.480895e-01	7.264314e-01	-1.228747e+00	7.504409e-05	2.520396e-03	1.000614	
1 -69.396985	4.148971e-01	3.989379e-01	3.469638e-01	5.858732e-01	1.480992e-01	7.264739e-01	-1.211206e+00	7.504690e-05	2.520214e-03	1.000660	
1 -68.391960	4.641731e-01	4.455444e-01	3.880841e-01	5.858839e-01	1.481097e-01	7.265189e-01	-1.193665e+00	7.504971e-05	2.520028e-03	1.000705	
1 -67.386935	5.171048e-01	4.954897e-01	4.322239e-01	5.858935e-01	1.481204e-01	7.265656e-01	-1.176124e+00	7.505257e-05	2.519847e-03	1.000753	
1 -66.381910	5.738423e-01	5.489011e-01	4.795022e-01	5.859031e-01	1.481317e-01	7.266145e-01	-1.158583e+00	7.505543e-05	2.519666e-03	1.000801	
1 -65.376884	6.345389e-01	6.059081e-01	5.300398e-01	5.859127e-01	1.481434e-01	7.266655e-01	-1.141042e+00	7.505830e-05	2.519486e-03	1.000851	
1 -64.371859	6.993507e-01	6.666428e-01	5.839596e-01	5.859221e-01	1.481557e-01	7.267186e-01	-1.123501e+00	7.506116e-05	2.519306e-03	1.000903	
1 -63.366834	7.684365e-01	7.312396e-01	6.413859e-01	5.859315e-01	1.481684e-01	7.267739e-01	-1.105960e+00	7.506402e-05	2.519127e-03	1.000955	
1 -62.361809	8.419574e-01	7.998345e-01	7.024451e-01	5.859407e-01	1.481817e-01	7.268315e-01	-1.088419e+00	7.506686e-05	2.518949e-03	1.001009	
1 -61.356784	9.200769e-01	8.725657e-01	7.672645e-01	5.859498e-01	1.481954e-01	7.268913e-01	-1.070878e+00	7.506969e-05	2.518771e-03	1.001064	
1 -60.351759	1.002960e+00	9.495730e-01	8.359729e-01	5.859587e-01	1.482097e-01	7.269533e-01	-1.053337e+00	7.507249e-05	2.518595e-03	1.001120	
1 -59.346734	1.090775e+00	1.030998e+00	9.086999e-01	5.859674e-01	1.482244e-01	7.270176e-01	-1.035796e+00	7.507525e-05	2.518419e-03	1.001177	
1 -58.341709	1.183690e+00	1.116982e+00	9.855761e-01	5.859758e-01	1.482396e-01	7.270842e-01	-1.018255e+00	7.507798e-05	2.518244e-03	1.001236	
1 -57.336683	1.281875e+00	1.207670e+00	1.066733e+00	5.859841e-01	1.482553e-01	7.271531e-01	-1.000714e+00	7.508066e-05	2.518070e-03	1.001296	
1 -56.331658	1.385501e+00	1.303207e+00	1.152301e+00	5.859920e-01	1.482715e-01	7.272244e-01	-9.831729e-01	7.508328e-05	2.517897e-03	1.001357	
1 -55.326633	1.494740e+00	1.403737e+00	1.242414e+00	5.859997e-01	1.482882e-01	7.272980e-01	-9.656319e-01	7.508585e-05	2.517725e-03	1.001419	
1 -54.321608	1.609765e+00	1.509406e+00	1.337202e+00	5.860071e-01	1.483054e-01	7.273740e-01	-9.480909e-01	7.508835e-05	2.517554e-03	1.001482	
1 -53.316583	1.730750e+00	1.620361e+00	1.436797e+00	5.860141e-01	1.483230e-01	7.274524e-01	-9.305499e-01	7.509078e-05	2.517384e-03	1.001547	
1 -52.311558	1.857866e+00	1.736749e+00	1.541332e+00	5.860208e-01	1.483412e-01	7.275333e-01	-9.130089e-01	7.509313e-05	2.517215e-03	1.001612	
1 -51.306533	1.991287e+00	1.858714e+00	1.650935e+00	5.860270e-01	1.483598e-01	7.276166e-01	-8.954679e-01	7.509539e-05	2.517047e-03	1.001679	
1 -50.301508	2.131185e+00	1.986405e+00	1.765738e+00	5.860329e-01	1.483789e-01	7.277024e-01	-8.779269e-01	7.509755e-05	2.516880e-03	1.001747	
1 -49.296482	2.277733e+00	2.119965e+00	1.885869e+00	5.860383e-01	1.483984e-01	7.277907e-01	-8.603859e-01	7.509962e-05	2.516715e-03	1.001816	
1 -48.291457	2.431101e+00	2.259540e+00	2.011456e+00	5.860433e-01	1.484185e-01	7.278815e-01	-8.428449e-01	7.510157e-05	2.516551e-03	1.001886	
1 -47.286432	2.591458e+00	2.405273e+00	2.142625e+00	5.860477e-01	1.484390e-01	7.279749e-01	-8.253039e-01	7.510341e-05	2.516388e-03	1.001957	
1 -46.281407	2.758973e+00	2.557308e+00	2.279499e+00	5.860517e-01	1.484600e-01	7.280708e-01	-8.077629e-01	7.510513e-05	2.516226e-03	1.002030	
1 -45.276382	2.933813e+00	2.715785e+00	2.422205e+00	5.860527e-01	1.484806e-01	7.281822e-01	-7.902219e-01	7.510663e-05	2.516070e-03	1.002105	
1 -44.271357	3.116142e+00	2.880845e+00	2.570856e+00	5.860556e-01	1.485025e-01	7.282834e-01	-7.726809e-01	7.510807e-05	2.515910e-03	1.002180	
1 -43.266332	3.306121e+00	3.052625e+00	2.725574e+00	5.860579e-01	1.485249e-01	7.283871e-01	-7.551399e-01	7.510937e-05	2.515753e-03	1.002256	
1 -42.261307	3.503910e+00	3.231260e+00	2.886474e+00	5.860596e-01	1.485477e-01	7.284936e-01	-7.375989e-01	7.511051e-05	2.515596e-03	1.002332	
1 -41.256281	3.709667e+00	3.416885e+00	3.053668e+00	5.860607e-01	1.485710e-01	7.286027e-01	-7.200579e-01	7.511150e-05	2.515441e-03	1.002410	
1 -40.251256	3.923543e+00	3.609630e+00	3.227264e+00	5.860612e-01	1.485948e-01	7.287144e-01	-7.025170e-01	7.511232e-05	2.515288e-03	1.002490	
1 -39.246231	4.145691e+00	3.809623e+00	3.407370e+00	5.860609e-01	1.486190e-01	7.288290e-01	-6.849760e-01	7.511297e-05	2.515136e-03	1.002570	
1 -38.241206	4.376254e+00	4.016989e+00	3.594086e+00	5.860600e-01	1.486436e-01	7.289462e-01	-6.674350e-01	7.511344e-05	2.514986e-03	1.002651	
1 -37.236181	4.615377e+00	4.231850e+00	3.787512e+00	5.860583e-01	1.486686e-01	7.290662e-01	-6.498940e-01	7.511373e-05	2.514837e-03	1.002733	
1 -36.231156	4.863196e+00	4.454324e+00	3.987741e+00	5.860560e-01	1.486941e-01	7.291890e-01	-6.323530e-01	7.511382e-05	2.514690e-03	1.002816	
1 -35.226131	5.119846e+00	4.684526e+00	4.194864e+00	5.860528e-01	1.487200e-01	7.293146e-01	-6.148120e-01	7.511371e-05	2.514544e-03	1.002901	
1 -34.221106	5.385455e+00	4.922565e+00	4.408966e+00	5.860489e-01	1.487463e-01	7.294430e-01	-5.972710e-01	7.511340e-05	2.514401e-03	1.002986	
1 -33.216080	5.660146e+00	5.168549e+00	4.630127e+00	5.860441e-01	1.487731e-01	7.295743e-01	-5.797300e-01	7.511288e-05	2.514259e-03	1.003072	
1 -32.211055	5.944037e+00	5.422578e+00	4.858424e+00	5.860386e-01	1.488002e-01	7.297085e-01	-5.621890e-01	7.511214e-05	2.514118e-03	1.003160	
1 -31.206030	6.237241e+00	5.684749e+00	5.093926e+00	5.860322e-01	1.488278e-01	7.298455e-01	-5.446480e-01	7.511117e-05	2.513980e-03	1.003248	
1 -30.201005	6.539864e+00	5.955155e+00	5.336698e+00	5.860249e-01	1.488557e-01	7.299855e-01	-5.271070e-01	7.510997e-05	2.513843e-03	1.003337	
1 -29.195980	6.852005e+00	6.233882e+00	5.586800e+00	5.860168e-01	1.488840e-01	7.301284e-01	-5.095660e-01	7.510854e-05	2.513708e-03	1.003427	
1 -28.190955	7.173759e+00	6.521011e+00	5.844285e+00	5.860077e-01	1.489127e-01	7.302742e-01	-4.920250e-01	7.510687e-05	2.513575e-03	1.003519	
1 -27.185930	7.505211e+00	6.816618e+00	6.109200e+00	5.859978e-01	1.489418e-01	7.304230e-01	-4.744840e-01	7.510495e-05	2.513444e-03	1.003611	
1 -26.180905	7.846441e+00	7.120771e+00	6.381586e+00	5.859869e-01	1.489712e-01	7.305748e-01	-4.569430e-01	7.510277e-05	2.513315e-03	1.003704	
1 -25.175879	8.197522e+00	7.433534e+00	6.661476e+00	5.859751e-01	1.490011e-01	7.307296e-01	-4.394020e-01	7.510034e-05	2.513188e-03	1.003798	
1 -24.170854	8.558518e+00	7.754964e+00	6.948899e+00	5.859623e-01	1.490312e-01	7.308875e-01	-4.218610e-01	7.509765e-05	2.513063e-03	1.003893	
1 -23.165829	8.929485e+00	8.085111e+00	7.243874e+00	5.859485e-01	1.490617e-01	7.310484e-01	-4.043200e-01	7.509470e-05	2.512940e-03	1.003989	
1 -22.160804	9.310472e+00	8.424017e+00	7.546415e+00	5.859337e-01	1.490926e-01	7.312123e-01	-3.867790e-01	7.509147e-05	2.512820e-03	1.004086	
1 -21.155779	9.701519e+00	8.771718e+00	7.856527e+00	5.859180e-01	1.491237e-01	7.313793e-01	-3.692380e-01	7.508796e-05	2.512701e-03	1.004183	
1 -20.150754	1.010266e+01	9.128244e+00	8.174209e+00	5.859012e-01	1.491552e-01	7.315494e-01	-3.516970e-01	7.508418e-05	2.512585e-03	1.004282	
1 -19.145729	1.051391e+01	9.493614e+00	8.499451e+00	5.858834e-01	1.491870e-01	7.317226e-01	-3.341560e-01	7.508012e-05	2.512470e-03	1.004381	
1 -18.140704	1.093529e+01	9.867842e+00	8.832235e+00	5.858646e-01	1.492191e-01	7.318989e-01	-3.166150e-01	7.507577e-05	2.512358e-03	1.004481	
1 -17.135678	1.136680e+01	1.025093e+01	9.172537e+00	5.858448e-01	1.492515e-01	7.320783e-01	-2.990740e-01	7.507114e-05	2.512248e-03	1.004582	
1 -16.130653	1.180843e+01	1.064288e+01	9.520322e+00	5.858239e-01	1.492842e-01	7.322609e-01	-2.815330e-01	7.506621e-05	2.512141e-03	1.004684	
1 -15.125628	1.226018e+01	1.104368e+01	9.875549e+00	5.858019e-01	1.493171e-01	7.324466e-01	-2.639920e-01	7.506099e-05	2.512036e-03	1.004786	
1 -14.120603	1.272200e+01	1.145330e+01	1.023817e+01	5.857789e-01	1.493503e-01	7.326354e-01	-2.464510e-01	7.505547e-05	2.511933e-03	1.004890	
1 -13.115578	1.319388e+01	1.187172e+01	1.060811e+01	5.857549e-01	1.493838e-01	7.328274e-01	-2.289100e-01	7.504966e-05	2.511833e-03	1.004994	
1 -12.110553	1.367576e+01	1.229890e+01	1.098532e+01	5.857298e-01	1.494175e-01	7.330226e-01	-2.113690e-01	7.504355e-05	2.511735e-03	1.005098	
1 -11.105528	1.416758e+01	1.273479e+01	1.136972e+01	5.857036e-01	1.494514e-01	7.332209e-01	-1.938280e-01	7.503714e-05	2.511640e-03	1.005204	
1 -10.100503	1.466928e+01	1.317933e+01	1.176122e+01	5.856764e-01	1.494856e-01	7.334224e-01	-1.762870e-01	7.503044e-05	2.511547e-03	1.005310	
1 -9.095477	1.518078e+01	1.363246e+01	1.215972e+01	5.856481e-01	1.495199e-01	7.336271e-01	-1.587460e-01	7.502343e-05	2.511457e-03	1.005417	
1 -8.090452	1.570199e+01	1.409410e+01	1.256512e+01	5.856188e-01	1.495545e-01	7.338350e-01	-1.412050e-01	7.501612e-05	2.511369e-03	1.005524	
1 -7.085427	1.623281e+01	1.456417e+01	1.297731e+01	5.855884e-01	1.495892e-01	7.340460e-01	-1.236640e-01	7.500852e-05	2.511284e-03	1.005632	
1 -6.080402	1.677312e+01	1.504256e+01	1.339616e+01	5.855570e-01	1.496241e-01	7.342602e-01	-1.061230e-01	7.500061e-05	2.511201e-03	1.005740	
1 -5.075377	1.732281e+01	1.552917e+01	1.382155e+01	5.855246e-01	1.496592e-01	7.344776e-01	-8.858204e-02	7.499241e-05	2.511121e-03	1.005849	
1 -4.070352	1.788173e+01	1.602388e+01	1.425333e+01	5.854911e-01	1.496944e-01	7.346981e-01	-7.104104e-02	7.498392e-05	2.511044e-03	1.005959	
1 -3.065327	1.844974e+01	1.652657e+01	1.469135e+01	5.854567e-01	1.497298e-01	7.349218e-01	-5.350004e-02	7.497513e-05	2.510970e-03	1.006069	
1 -2.060302	1.902668e+01	1.703710e+01	1.513545e+01	5.854212e-01	1.497652e-01	7.351486e-01	-3.595904e-02	7.496606e-05	2.510899e-03	1.006180	
1 -1.055276	1.961238e+01	1.755531e+01	1.558547e+01	5.853848e-01	1.498008e-01	7.353786e-01	-1.841805e-02	7.495669e-05	2.510830e-03	1.006291	
1 -0.050251	2.020666e+01	1.808106e+01	1.604121e+01	5.853473e-01	1.498365e-01	7.356117e-01	-8.770499e-04	7.494705e-05	2.510764e-03	1.006402	
1 0.954774	2.080931e+01	1.861417e+01	1.650251e+01	5.853090e-01	1.498722e-01	7.358479e-01	1.666395e-02	7.493712e-05	2.510701e-03	1.006514	
1 1.959799	2.142014e+01	1.915445e+01	1.696915e+01	5.852696e-01	1.499081e-01	7.360872e-01	3.420495e-02	7.492692e-05	2.510641e-03	1.006626	
1 2.964824	2.203893e+01	1.970173e+01	1.744093e+01	5.852267e-01	1.499414e-01	7.363558e-01	5.174594e-02	7.491659e-05	2.510586e-03	1.006739	
1 3.969849	2.266544e+01	2.025579e+01	1.791765e+01	5.851855e-01	1.499771e-01	7.366033e-01	6.928694e-02	7.490586e-05	2.510532e-03	1.006851	
1 4.974874	2.329943e+01	2.081643e+01	1.839908e+01	5.851434e-01	1.500129e-01	7.368538e-01	8.682794e-02	7.489487e-05	2.510481e-03	1.006965	
1 5.979899	2.394066e+01	2.138341e+01	1.888498e+01	5.851004e-01	1.500486e-01	7.371074e-01	1.043689e-01	7.488363e-05	2.510433e-03	1.007078	
1 6.984925	2.458884e+01	2.195651e+01	1.937512e+01	5.850567e-01	1.500844e-01	7.373641e-01	1.219099e-01	7.487214e-05	2.510387e-03	1.007191	
1 7.989950	2.524370e+01	2.253548e+01	1.986924e+01	5.850121e-01	1.501201e-01	7.376238e-01	1.394509e-01	7.486041e-05	2.510345e-03	1.007305	
1 8.994975	2.590495e+01	2.312007e+01	2.036709e+01	5.849668e-01	1.501558e-01	7.378865e-01	1.569919e-01	7.484845e-05	2.510306e-03	1.007419	
1 10.000000	2.657230e+01	2.371000e+01	2.086841e+01	5.849208e-01	1.501914e-01	7.381522e-01	1.745329e-01	7.483626e-05	2.510270e-03	1.007532	

# Fri Mar 10 11:11:56 2017
##### FINIS #####
