# This file was created by 'globes-accuracy 3.1.11' using GLoBES 3.2.13
# The command line was
# ../cdr_testsetup/myacc -A3 -X-190,10 -R200 -p0.5857,0.148,0.726,-1.570796,0.000075,0.002524 -E0.023,0.018,0.058,0.0,0.024,0.016 -F -d 0.02 -DNUTIME=6.4953271028 -DNUBARTIME=6.4953271028 dune_optimized_long.glb data/resdcp-90_optimized_long_no_exp556 
#
# Mon Jan 23 16:43:02 2017

------ solution #1 out of 1 ------
-1 -190.000000	1.370294e+02	9.269029e+01	6.583508e+01	5.817746e-01	1.544381e-01	7.313863e-01	-3.316126e+00	7.444923e-05	2.536522e-03	1.027372	
-1 -188.994975	1.330306e+02	9.005363e+01	6.404722e+01	5.818888e-01	1.543344e-01	7.312599e-01	-3.298585e+00	7.448144e-05	2.536577e-03	1.026744	
-1 -187.989950	1.290951e+02	8.746142e+01	6.228526e+01	5.820003e-01	1.542308e-01	7.311348e-01	-3.281044e+00	7.451267e-05	2.536627e-03	1.026121	
-1 -186.984925	1.252239e+02	8.491403e+01	6.054961e+01	5.821090e-01	1.541271e-01	7.310111e-01	-3.263503e+00	7.454291e-05	2.536672e-03	1.025501	
-1 -185.979899	1.214178e+02	8.241180e+01	5.884069e+01	5.822149e-01	1.540235e-01	7.308888e-01	-3.245962e+00	7.457217e-05	2.536712e-03	1.024884	
-1 -184.974874	1.176775e+02	7.995500e+01	5.715884e+01	5.823180e-01	1.539199e-01	7.307680e-01	-3.228421e+00	7.460043e-05	2.536747e-03	1.024272	
-1 -183.969849	1.140037e+02	7.754386e+01	5.550442e+01	5.824184e-01	1.538165e-01	7.306487e-01	-3.210880e+00	7.462770e-05	2.536777e-03	1.023664	
-1 -182.964824	1.103971e+02	7.517859e+01	5.387772e+01	5.825160e-01	1.537132e-01	7.305308e-01	-3.193339e+00	7.465398e-05	2.536802e-03	1.023061	
-1 -181.959799	1.068581e+02	7.285930e+01	5.227903e+01	5.826107e-01	1.536101e-01	7.304145e-01	-3.175798e+00	7.467928e-05	2.536821e-03	1.022463	
-1 -180.954774	1.033872e+02	7.058611e+01	5.070858e+01	5.827027e-01	1.535073e-01	7.302997e-01	-3.158257e+00	7.470359e-05	2.536836e-03	1.021869	
-1 -179.949749	9.998481e+01	6.835907e+01	4.916660e+01	5.827919e-01	1.534047e-01	7.301864e-01	-3.140716e+00	7.472691e-05	2.536846e-03	1.021280	
-1 -178.944724	9.665126e+01	6.617818e+01	4.765328e+01	5.828783e-01	1.533024e-01	7.300747e-01	-3.123175e+00	7.474926e-05	2.536851e-03	1.020697	
-1 -177.939698	9.338677e+01	6.404342e+01	4.616877e+01	5.829620e-01	1.532005e-01	7.299646e-01	-3.105634e+00	7.477063e-05	2.536851e-03	1.020120	
-1 -176.934673	9.019155e+01	6.195472e+01	4.471321e+01	5.830429e-01	1.530989e-01	7.298561e-01	-3.088093e+00	7.479105e-05	2.536847e-03	1.019548	
-1 -175.929648	8.706571e+01	5.991197e+01	4.328669e+01	5.831211e-01	1.529978e-01	7.297492e-01	-3.070552e+00	7.481050e-05	2.536837e-03	1.018981	
-1 -174.924623	8.400930e+01	5.791502e+01	4.188929e+01	5.831966e-01	1.528971e-01	7.296439e-01	-3.053011e+00	7.482901e-05	2.536823e-03	1.018421	
-1 -173.919598	8.102231e+01	5.596369e+01	4.052105e+01	5.832695e-01	1.527968e-01	7.295403e-01	-3.035470e+00	7.484658e-05	2.536804e-03	1.017868	
-1 -172.914573	7.810467e+01	5.405775e+01	3.918200e+01	5.833397e-01	1.526971e-01	7.294383e-01	-3.017929e+00	7.486322e-05	2.536780e-03	1.017320	
-1 -171.909548	7.525624e+01	5.219697e+01	3.787212e+01	5.834073e-01	1.525979e-01	7.293379e-01	-3.000388e+00	7.487894e-05	2.536751e-03	1.016779	
-1 -170.904523	7.247683e+01	5.038104e+01	3.659138e+01	5.834723e-01	1.524993e-01	7.292392e-01	-2.982847e+00	7.489377e-05	2.536718e-03	1.016245	
-1 -169.899497	6.976619e+01	4.860965e+01	3.533973e+01	5.835347e-01	1.524012e-01	7.291421e-01	-2.965306e+00	7.490770e-05	2.536681e-03	1.015717	
-1 -168.894472	6.712401e+01	4.688245e+01	3.411706e+01	5.835947e-01	1.523038e-01	7.290467e-01	-2.947765e+00	7.492076e-05	2.536638e-03	1.015197	
-1 -167.889447	6.454993e+01	4.519906e+01	3.292327e+01	5.836522e-01	1.522071e-01	7.289530e-01	-2.930224e+00	7.493296e-05	2.536592e-03	1.014683	
-1 -166.884422	6.204352e+01	4.355908e+01	3.175824e+01	5.837073e-01	1.521110e-01	7.288609e-01	-2.912683e+00	7.494431e-05	2.536540e-03	1.014177	
-1 -165.879397	5.960433e+01	4.196206e+01	3.062179e+01	5.837599e-01	1.520156e-01	7.287705e-01	-2.895142e+00	7.495484e-05	2.536485e-03	1.013678	
-1 -164.874372	5.723182e+01	4.040755e+01	2.951374e+01	5.838103e-01	1.519210e-01	7.286817e-01	-2.877601e+00	7.496455e-05	2.536425e-03	1.013187	
-1 -163.869347	5.492543e+01	3.889506e+01	2.843391e+01	5.838584e-01	1.518272e-01	7.285946e-01	-2.860060e+00	7.497348e-05	2.536361e-03	1.012703	
-1 -162.864322	5.268455e+01	3.742408e+01	2.738205e+01	5.839043e-01	1.517341e-01	7.285092e-01	-2.842519e+00	7.498163e-05	2.536292e-03	1.012227	
-1 -161.859296	5.050851e+01	3.599408e+01	2.635792e+01	5.839480e-01	1.516419e-01	7.284254e-01	-2.824978e+00	7.498902e-05	2.536220e-03	1.011758	
-1 -160.854271	4.839661e+01	3.460452e+01	2.536127e+01	5.839896e-01	1.515504e-01	7.283433e-01	-2.807437e+00	7.499569e-05	2.536143e-03	1.011297	
-1 -159.849246	4.634810e+01	3.325481e+01	2.439179e+01	5.840291e-01	1.514599e-01	7.282628e-01	-2.789896e+00	7.500163e-05	2.536062e-03	1.010845	
-1 -158.844221	4.436221e+01	3.194436e+01	2.344920e+01	5.840667e-01	1.513702e-01	7.281839e-01	-2.772355e+00	7.500689e-05	2.535977e-03	1.010400	
-1 -157.839196	4.243809e+01	3.067258e+01	2.253317e+01	5.841023e-01	1.512814e-01	7.281067e-01	-2.754814e+00	7.501148e-05	2.535888e-03	1.009964	
-1 -156.834171	4.057490e+01	2.943883e+01	2.164336e+01	5.841361e-01	1.511936e-01	7.280311e-01	-2.737273e+00	7.501542e-05	2.535795e-03	1.009536	
-1 -155.829146	3.877175e+01	2.824248e+01	2.077942e+01	5.841680e-01	1.511067e-01	7.279571e-01	-2.719732e+00	7.501873e-05	2.535699e-03	1.009116	
-1 -154.824121	3.702769e+01	2.708288e+01	1.994098e+01	5.841983e-01	1.510208e-01	7.278847e-01	-2.702191e+00	7.502145e-05	2.535598e-03	1.008704	
-1 -153.819095	3.534178e+01	2.595936e+01	1.912766e+01	5.842268e-01	1.509358e-01	7.278139e-01	-2.684650e+00	7.502358e-05	2.535494e-03	1.008301	
-1 -152.814070	3.371303e+01	2.487124e+01	1.833907e+01	5.842538e-01	1.508518e-01	7.277448e-01	-2.667109e+00	7.502516e-05	2.535386e-03	1.007906	
-1 -151.809045	3.214042e+01	2.381785e+01	1.757479e+01	5.842793e-01	1.507689e-01	7.276771e-01	-2.649568e+00	7.502621e-05	2.535275e-03	1.007519	
-1 -150.804020	3.062293e+01	2.279848e+01	1.683440e+01	5.843033e-01	1.506870e-01	7.276111e-01	-2.632027e+00	7.502676e-05	2.535160e-03	1.007142	
-1 -149.798995	2.915947e+01	2.181243e+01	1.611748e+01	5.843259e-01	1.506061e-01	7.275466e-01	-2.614486e+00	7.502682e-05	2.535042e-03	1.006772	
-1 -148.793970	2.774899e+01	2.085900e+01	1.542359e+01	5.843473e-01	1.505263e-01	7.274836e-01	-2.596945e+00	7.502643e-05	2.534920e-03	1.006412	
-1 -147.788945	2.639036e+01	1.993747e+01	1.475227e+01	5.843674e-01	1.504476e-01	7.274221e-01	-2.579404e+00	7.502561e-05	2.534794e-03	1.006060	
-1 -146.783920	2.508248e+01	1.904713e+01	1.410308e+01	5.843863e-01	1.503699e-01	7.273622e-01	-2.561863e+00	7.502438e-05	2.534666e-03	1.005717	
-1 -145.778894	2.382421e+01	1.818724e+01	1.347554e+01	5.844042e-01	1.502934e-01	7.273038e-01	-2.544322e+00	7.502277e-05	2.534534e-03	1.005382	
-1 -144.773869	2.261440e+01	1.735710e+01	1.286918e+01	5.844211e-01	1.502180e-01	7.272468e-01	-2.526781e+00	7.502081e-05	2.534399e-03	1.005056	
-1 -143.768844	2.145189e+01	1.655597e+01	1.228354e+01	5.844371e-01	1.501437e-01	7.271914e-01	-2.509240e+00	7.501853e-05	2.534261e-03	1.004739	
-1 -142.763819	2.033552e+01	1.578313e+01	1.171813e+01	5.844522e-01	1.500706e-01	7.271373e-01	-2.491699e+00	7.501594e-05	2.534120e-03	1.004431	
-1 -141.758794	1.926410e+01	1.503785e+01	1.117248e+01	5.844665e-01	1.499986e-01	7.270848e-01	-2.474158e+00	7.501307e-05	2.533976e-03	1.004131	
-1 -140.753769	1.823645e+01	1.431942e+01	1.064609e+01	5.844802e-01	1.499278e-01	7.270336e-01	-2.456617e+00	7.500995e-05	2.533829e-03	1.003841	
-1 -139.748744	1.725139e+01	1.362712e+01	1.013848e+01	5.844932e-01	1.498581e-01	7.269838e-01	-2.439076e+00	7.500661e-05	2.533679e-03	1.003559	
-1 -138.743719	1.630772e+01	1.296023e+01	9.649159e+00	5.845057e-01	1.497896e-01	7.269355e-01	-2.421535e+00	7.500307e-05	2.533526e-03	1.003285	
-1 -137.738693	1.540427e+01	1.231804e+01	9.177648e+00	5.845178e-01	1.497223e-01	7.268885e-01	-2.403994e+00	7.499935e-05	2.533371e-03	1.003021	
-1 -136.733668	1.453982e+01	1.169986e+01	8.723457e+00	5.845295e-01	1.496562e-01	7.268429e-01	-2.386453e+00	7.499549e-05	2.533213e-03	1.002765	
-1 -135.728643	1.371322e+01	1.110498e+01	8.286105e+00	5.845409e-01	1.495914e-01	7.267987e-01	-2.368912e+00	7.499150e-05	2.533052e-03	1.002518	
-1 -134.723618	1.292326e+01	1.053273e+01	7.865109e+00	5.845520e-01	1.495277e-01	7.267557e-01	-2.351371e+00	7.498741e-05	2.532889e-03	1.002280	
-1 -133.718593	1.216878e+01	9.982411e+00	7.459993e+00	5.845630e-01	1.494652e-01	7.267141e-01	-2.333830e+00	7.498325e-05	2.532724e-03	1.002051	
-1 -132.713568	1.144861e+01	9.453367e+00	7.070284e+00	5.845739e-01	1.494040e-01	7.266738e-01	-2.316289e+00	7.497903e-05	2.532556e-03	1.001830	
-1 -131.708543	1.076160e+01	8.944937e+00	6.695517e+00	5.845848e-01	1.493440e-01	7.266348e-01	-2.298748e+00	7.497479e-05	2.532385e-03	1.001618	
-1 -130.703518	1.010660e+01	8.456474e+00	6.335229e+00	5.845957e-01	1.492853e-01	7.265971e-01	-2.281207e+00	7.497055e-05	2.532213e-03	1.001414	
-1 -129.698492	9.482481e+00	7.987343e+00	5.988967e+00	5.846068e-01	1.492278e-01	7.265606e-01	-2.263666e+00	7.496633e-05	2.532038e-03	1.001220	
-1 -128.693467	8.888130e+00	7.536923e+00	5.656286e+00	5.846181e-01	1.491715e-01	7.265254e-01	-2.246125e+00	7.496215e-05	2.531861e-03	1.001034	
-1 -127.688442	8.322446e+00	7.104605e+00	5.336747e+00	5.846296e-01	1.491165e-01	7.264914e-01	-2.228584e+00	7.495803e-05	2.531682e-03	1.000856	
-1 -126.683417	7.784348e+00	6.689798e+00	5.029921e+00	5.846415e-01	1.490628e-01	7.264586e-01	-2.211043e+00	7.495400e-05	2.531500e-03	1.000687	
-1 -125.678392	7.272776e+00	6.291922e+00	4.735392e+00	5.846538e-01	1.490103e-01	7.264270e-01	-2.193502e+00	7.495008e-05	2.531317e-03	1.000527	
-1 -124.673367	6.786689e+00	5.910417e+00	4.452751e+00	5.846666e-01	1.489591e-01	7.263966e-01	-2.175961e+00	7.494629e-05	2.531132e-03	1.000375	
-1 -123.668342	6.325069e+00	5.544738e+00	4.181602e+00	5.846799e-01	1.489092e-01	7.263673e-01	-2.158420e+00	7.494264e-05	2.530945e-03	1.000231	
-1 -122.663317	5.886923e+00	5.194355e+00	3.921560e+00	5.846937e-01	1.488606e-01	7.263393e-01	-2.140879e+00	7.493917e-05	2.530757e-03	1.000096	
-1 -121.658291	5.471282e+00	4.858760e+00	3.672255e+00	5.847082e-01	1.488132e-01	7.263123e-01	-2.123338e+00	7.493588e-05	2.530566e-03	0.999969	
-1 -120.653266	5.077204e+00	4.537462e+00	3.433328e+00	5.847234e-01	1.487672e-01	7.262865e-01	-2.105797e+00	7.493280e-05	2.530374e-03	0.999851	
-1 -119.648241	4.703777e+00	4.229989e+00	3.204434e+00	5.847394e-01	1.487224e-01	7.262619e-01	-2.088256e+00	7.492994e-05	2.530180e-03	0.999741	
-1 -118.643216	4.350115e+00	3.935888e+00	2.985245e+00	5.847561e-01	1.486789e-01	7.262383e-01	-2.070715e+00	7.492733e-05	2.529985e-03	0.999639	
-1 -117.638191	4.015365e+00	3.654728e+00	2.775446e+00	5.847738e-01	1.486367e-01	7.262158e-01	-2.053174e+00	7.492497e-05	2.529788e-03	0.999545	
-1 -116.633166	3.698703e+00	3.386097e+00	2.574737e+00	5.847923e-01	1.485959e-01	7.261945e-01	-2.035633e+00	7.492288e-05	2.529590e-03	0.999459	
-1 -115.628141	3.399341e+00	3.129606e+00	2.382837e+00	5.848117e-01	1.485563e-01	7.261742e-01	-2.018092e+00	7.492108e-05	2.529390e-03	0.999382	
-1 -114.623116	3.116521e+00	2.884886e+00	2.199479e+00	5.848322e-01	1.485180e-01	7.261549e-01	-2.000551e+00	7.491958e-05	2.529189e-03	0.999312	
-1 -113.618090	2.849523e+00	2.651592e+00	2.024415e+00	5.848536e-01	1.484811e-01	7.261368e-01	-1.983010e+00	7.491840e-05	2.528987e-03	0.999251	
-1 -112.613065	2.597662e+00	2.429401e+00	1.857412e+00	5.848761e-01	1.484454e-01	7.261196e-01	-1.965469e+00	7.491754e-05	2.528784e-03	0.999198	
-1 -111.608040	2.360288e+00	2.218012e+00	1.698259e+00	5.848997e-01	1.484111e-01	7.261036e-01	-1.947928e+00	7.491703e-05	2.528579e-03	0.999152	
-1 -110.603015	2.136790e+00	2.017149e+00	1.546761e+00	5.849245e-01	1.483781e-01	7.260885e-01	-1.930387e+00	7.491686e-05	2.528373e-03	0.999115	
-1 -109.597990	1.926596e+00	1.826558e+00	1.402741e+00	5.849503e-01	1.483465e-01	7.260745e-01	-1.912846e+00	7.491706e-05	2.528167e-03	0.999085	
-1 -108.592965	1.729173e+00	1.646009e+00	1.266043e+00	5.849774e-01	1.483162e-01	7.260615e-01	-1.895305e+00	7.491762e-05	2.527959e-03	0.999063	
-1 -107.587940	1.544027e+00	1.475299e+00	1.136531e+00	5.850057e-01	1.482872e-01	7.260495e-01	-1.877764e+00	7.491857e-05	2.527750e-03	0.999049	
-1 -106.582915	1.370704e+00	1.314247e+00	1.014087e+00	5.850351e-01	1.482595e-01	7.260385e-01	-1.860223e+00	7.491990e-05	2.527541e-03	0.999042	
-1 -105.577889	1.208794e+00	1.162697e+00	8.986138e-01	5.850658e-01	1.482332e-01	7.260285e-01	-1.842682e+00	7.492161e-05	2.527330e-03	0.999043	
-1 -104.572864	1.057927e+00	1.020518e+00	7.900352e-01	5.850978e-01	1.482082e-01	7.260196e-01	-1.825141e+00	7.492373e-05	2.527119e-03	0.999052	
-1 -103.567839	9.177755e-01	8.876051e-01	6.882951e-01	5.851310e-01	1.481846e-01	7.260116e-01	-1.807600e+00	7.492625e-05	2.526907e-03	0.999068	
-1 -102.562814	7.880549e-01	7.638781e-01	5.933586e-01	5.851655e-01	1.481623e-01	7.260046e-01	-1.790059e+00	7.492918e-05	2.526695e-03	0.999092	
-1 -101.557789	6.685241e-01	6.492822e-01	5.052115e-01	5.852012e-01	1.481414e-01	7.259986e-01	-1.772518e+00	7.493251e-05	2.526481e-03	0.999123	
-1 -100.552764	5.589855e-01	5.437881e-01	4.238609e-01	5.852382e-01	1.481218e-01	7.259936e-01	-1.754977e+00	7.493626e-05	2.526268e-03	0.999161	
-1 -99.547739	4.592855e-01	4.473921e-01	3.493353e-01	5.852764e-01	1.481036e-01	7.259895e-01	-1.737436e+00	7.494041e-05	2.526053e-03	0.999207	
-1 -98.542714	3.693147e-01	3.601162e-01	2.816844e-01	5.853159e-01	1.480868e-01	7.259865e-01	-1.719895e+00	7.494498e-05	2.525839e-03	0.999260	
-1 -97.537688	2.890081e-01	2.820081e-01	2.209797e-01	5.853567e-01	1.480714e-01	7.259844e-01	-1.702354e+00	7.494996e-05	2.525623e-03	0.999320	
-1 -96.532663	2.183450e-01	2.131410e-01	1.673143e-01	5.853993e-01	1.480576e-01	7.259819e-01	-1.684813e+00	7.495528e-05	2.525408e-03	0.999388	
-1 -95.527638	1.573497e-01	1.536138e-01	1.208017e-01	5.854423e-01	1.480449e-01	7.259822e-01	-1.667272e+00	7.496108e-05	2.525192e-03	0.999462	
-1 -94.522613	1.060909e-01	1.035509e-01	8.157841e-02	5.854866e-01	1.480335e-01	7.259834e-01	-1.649731e+00	7.496729e-05	2.524975e-03	0.999544	
-1 -93.517588	6.468197e-02	6.310221e-02	4.980181e-02	5.855320e-01	1.480235e-01	7.259857e-01	-1.632190e+00	7.497389e-05	2.524759e-03	0.999633	
-1 -92.512563	3.328097e-02	3.244291e-02	2.565072e-02	5.855785e-01	1.480149e-01	7.259890e-01	-1.614649e+00	7.498088e-05	2.524542e-03	0.999729	
-1 -91.507538	1.209025e-02	1.177342e-02	9.325251e-03	5.856262e-01	1.480078e-01	7.259929e-01	-1.597108e+00	7.498826e-05	2.524325e-03	0.999833	
-1 -90.502513	1.356452e-03	1.319166e-03	1.046728e-03	5.856751e-01	1.480023e-01	7.259975e-01	-1.579567e+00	7.499601e-05	2.524108e-03	0.999942	
0 -89.999997	-2.097844e-02	-1.484395e-02	1.445310e-12	5.857000e-01	1.480000e-01	7.260000e-01	-1.570796e+00	7.500000e-05	2.524000e-03	1.000000	
1 -89.497487	1.370180e-03	1.330423e-03	1.057539e-03	5.857251e-01	1.479981e-01	7.260029e-01	-1.562026e+00	7.500409e-05	2.523891e-03	1.000059	
1 -88.492462	1.246575e-02	1.208207e-02	9.620929e-03	5.857761e-01	1.479954e-01	7.260094e-01	-1.544485e+00	7.501255e-05	2.523674e-03	1.000183	
1 -87.487437	3.502081e-02	3.387335e-02	2.702077e-02	5.858277e-01	1.479940e-01	7.260174e-01	-1.526944e+00	7.502139e-05	2.523458e-03	1.000314	
1 -86.482412	6.945594e-02	6.702760e-02	5.356137e-02	5.858801e-01	1.479939e-01	7.260269e-01	-1.509403e+00	7.503055e-05	2.523241e-03	1.000451	
1 -85.477387	1.162342e-01	1.118920e-01	8.956716e-02	5.859335e-01	1.479953e-01	7.260374e-01	-1.491862e+00	7.504004e-05	2.523024e-03	1.000596	
1 -84.472362	1.758606e-01	1.688370e-01	1.353821e-01	5.859886e-01	1.479983e-01	7.260475e-01	-1.474321e+00	7.504973e-05	2.522807e-03	1.000746	
1 -83.467337	2.488815e-01	2.382565e-01	1.913702e-01	5.860437e-01	1.480026e-01	7.260597e-01	-1.456780e+00	7.505979e-05	2.522591e-03	1.000903	
1 -82.462312	3.358840e-01	3.205668e-01	2.579140e-01	5.860994e-01	1.480084e-01	7.260729e-01	-1.439239e+00	7.507013e-05	2.522375e-03	1.001068	
1 -81.457286	4.374954e-01	4.162068e-01	3.354152e-01	5.861558e-01	1.480157e-01	7.260872e-01	-1.421698e+00	7.508073e-05	2.522159e-03	1.001238	
1 -80.452261	5.543823e-01	5.256372e-01	4.242935e-01	5.862127e-01	1.480244e-01	7.261026e-01	-1.404157e+00	7.509157e-05	2.521943e-03	1.001416	
1 -79.447236	6.872498e-01	6.493402e-01	5.249865e-01	5.862701e-01	1.480347e-01	7.261191e-01	-1.386616e+00	7.510263e-05	2.521728e-03	1.001600	
1 -78.442211	8.368409e-01	7.878189e-01	6.379490e-01	5.863279e-01	1.480464e-01	7.261367e-01	-1.369075e+00	7.511390e-05	2.521513e-03	1.001790	
1 -77.437186	1.003935e+00	9.415969e-01	7.636529e-01	5.863860e-01	1.480595e-01	7.261555e-01	-1.351534e+00	7.512535e-05	2.521299e-03	1.001987	
1 -76.432161	1.189349e+00	1.111218e+00	9.025859e-01	5.864443e-01	1.480742e-01	7.261754e-01	-1.333993e+00	7.513696e-05	2.521085e-03	1.002191	
1 -75.427136	1.393932e+00	1.297245e+00	1.055252e+00	5.865028e-01	1.480904e-01	7.261965e-01	-1.316452e+00	7.514871e-05	2.520872e-03	1.002401	
1 -74.422111	1.618570e+00	1.500259e+00	1.222169e+00	5.865614e-01	1.481081e-01	7.262187e-01	-1.298911e+00	7.516058e-05	2.520660e-03	1.002617	
1 -73.417085	1.864179e+00	1.720862e+00	1.403871e+00	5.866199e-01	1.481273e-01	7.262421e-01	-1.281370e+00	7.517255e-05	2.520448e-03	1.002840	
1 -72.412060	2.131710e+00	1.959670e+00	1.600904e+00	5.866783e-01	1.481480e-01	7.262668e-01	-1.263829e+00	7.518458e-05	2.520236e-03	1.003069	
1 -71.407035	2.422141e+00	2.217318e+00	1.813827e+00	5.867365e-01	1.481703e-01	7.262926e-01	-1.246288e+00	7.519666e-05	2.520026e-03	1.003305	
1 -70.402010	2.736482e+00	2.494457e+00	2.043213e+00	5.867944e-01	1.481940e-01	7.263197e-01	-1.228747e+00	7.520875e-05	2.519816e-03	1.003547	
1 -69.396985	3.075770e+00	2.791754e+00	2.289645e+00	5.868519e-01	1.482193e-01	7.263481e-01	-1.211206e+00	7.522084e-05	2.519607e-03	1.003795	
1 -68.391960	3.441070e+00	3.109889e+00	2.553716e+00	5.869089e-01	1.482462e-01	7.263778e-01	-1.193665e+00	7.523289e-05	2.519398e-03	1.004049	
1 -67.386935	3.833470e+00	3.449558e+00	2.836031e+00	5.869653e-01	1.482746e-01	7.264087e-01	-1.176124e+00	7.524487e-05	2.519191e-03	1.004310	
1 -66.381910	4.254084e+00	3.811470e+00	3.137201e+00	5.870209e-01	1.483046e-01	7.264409e-01	-1.158583e+00	7.525676e-05	2.518984e-03	1.004577	
1 -65.376884	4.704048e+00	4.196347e+00	3.457848e+00	5.870758e-01	1.483361e-01	7.264745e-01	-1.141042e+00	7.526852e-05	2.518779e-03	1.004850	
1 -64.371859	5.184520e+00	4.604921e+00	3.798598e+00	5.871297e-01	1.483692e-01	7.265095e-01	-1.123501e+00	7.528013e-05	2.518574e-03	1.005130	
1 -63.366834	5.696676e+00	5.037936e+00	4.160086e+00	5.871825e-01	1.484038e-01	7.265458e-01	-1.105960e+00	7.529156e-05	2.518370e-03	1.005415	
1 -62.361809	6.241711e+00	5.496147e+00	4.542949e+00	5.872342e-01	1.484400e-01	7.265835e-01	-1.088419e+00	7.530277e-05	2.518168e-03	1.005707	
1 -61.356784	6.820837e+00	5.980315e+00	4.947831e+00	5.872846e-01	1.484778e-01	7.266226e-01	-1.070878e+00	7.531373e-05	2.517966e-03	1.006005	
1 -60.351759	7.435280e+00	6.491214e+00	5.375377e+00	5.873336e-01	1.485172e-01	7.266632e-01	-1.053337e+00	7.532441e-05	2.517766e-03	1.006309	
1 -59.346734	8.086280e+00	7.029621e+00	5.826234e+00	5.873811e-01	1.485581e-01	7.267052e-01	-1.035796e+00	7.533477e-05	2.517567e-03	1.006619	
1 -58.341709	8.775088e+00	7.596322e+00	6.301051e+00	5.874270e-01	1.486007e-01	7.267487e-01	-1.018255e+00	7.534479e-05	2.517369e-03	1.006936	
1 -57.336683	9.502965e+00	8.192106e+00	6.800474e+00	5.874710e-01	1.486448e-01	7.267937e-01	-1.000714e+00	7.535443e-05	2.517172e-03	1.007258	
1 -56.331658	1.027118e+01	8.817769e+00	7.325151e+00	5.875133e-01	1.486905e-01	7.268403e-01	-9.831729e-01	7.536365e-05	2.516977e-03	1.007587	
1 -55.326633	1.108101e+01	9.474109e+00	7.875724e+00	5.875535e-01	1.487378e-01	7.268883e-01	-9.656319e-01	7.537242e-05	2.516783e-03	1.007921	
1 -54.321608	1.193373e+01	1.016193e+01	8.452833e+00	5.875916e-01	1.487867e-01	7.269380e-01	-9.480909e-01	7.538071e-05	2.516590e-03	1.008262	
1 -53.316583	1.283062e+01	1.088202e+01	9.057112e+00	5.876274e-01	1.488371e-01	7.269892e-01	-9.305499e-01	7.538848e-05	2.516399e-03	1.008608	
1 -52.311558	1.377298e+01	1.163520e+01	9.689187e+00	5.876609e-01	1.488892e-01	7.270420e-01	-9.130089e-01	7.539570e-05	2.516209e-03	1.008961	
1 -51.306533	1.476207e+01	1.242226e+01	1.034968e+01	5.876919e-01	1.489428e-01	7.270965e-01	-8.954679e-01	7.540233e-05	2.516020e-03	1.009320	
1 -50.301508	1.579919e+01	1.324399e+01	1.103920e+01	5.877203e-01	1.489980e-01	7.271526e-01	-8.779269e-01	7.540833e-05	2.515834e-03	1.009684	
1 -49.296482	1.688559e+01	1.410121e+01	1.175834e+01	5.877459e-01	1.490549e-01	7.272104e-01	-8.603859e-01	7.541367e-05	2.515648e-03	1.010055	
1 -48.291457	1.802256e+01	1.499469e+01	1.250771e+01	5.877686e-01	1.491132e-01	7.272698e-01	-8.428449e-01	7.541832e-05	2.515464e-03	1.010431	
1 -47.286432	1.921134e+01	1.592522e+01	1.328786e+01	5.877884e-01	1.491732e-01	7.273310e-01	-8.253039e-01	7.542225e-05	2.515282e-03	1.010814	
1 -46.281407	2.045319e+01	1.689359e+01	1.409936e+01	5.878051e-01	1.492347e-01	7.273939e-01	-8.077629e-01	7.542540e-05	2.515102e-03	1.011202	
1 -45.276382	2.174933e+01	1.790056e+01	1.494275e+01	5.878185e-01	1.492978e-01	7.274586e-01	-7.902219e-01	7.542776e-05	2.514923e-03	1.011596	
1 -44.271357	2.310100e+01	1.894689e+01	1.581857e+01	5.878285e-01	1.493624e-01	7.275250e-01	-7.726809e-01	7.542928e-05	2.514746e-03	1.011996	
1 -43.266332	2.450938e+01	2.003334e+01	1.672732e+01	5.878351e-01	1.494286e-01	7.275933e-01	-7.551399e-01	7.542994e-05	2.514571e-03	1.012402	
1 -42.261307	2.597566e+01	2.116064e+01	1.766948e+01	5.878381e-01	1.494963e-01	7.276633e-01	-7.375989e-01	7.542969e-05	2.514398e-03	1.012813	
1 -41.256281	2.750100e+01	2.232951e+01	1.864553e+01	5.878374e-01	1.495656e-01	7.277352e-01	-7.200579e-01	7.542851e-05	2.514226e-03	1.013231	
1 -40.251256	2.908654e+01	2.354069e+01	1.965591e+01	5.878329e-01	1.496363e-01	7.278089e-01	-7.025170e-01	7.542635e-05	2.514057e-03	1.013654	
1 -39.246231	3.073339e+01	2.479484e+01	2.070103e+01	5.878244e-01	1.497086e-01	7.278844e-01	-6.849760e-01	7.542320e-05	2.513889e-03	1.014082	
1 -38.241206	3.244263e+01	2.609267e+01	2.178129e+01	5.878119e-01	1.497824e-01	7.279619e-01	-6.674350e-01	7.541901e-05	2.513724e-03	1.014516	
1 -37.236181	3.421533e+01	2.743481e+01	2.289707e+01	5.877952e-01	1.498576e-01	7.280412e-01	-6.498940e-01	7.541376e-05	2.513560e-03	1.014956	
1 -36.231156	3.605250e+01	2.882193e+01	2.404868e+01	5.877743e-01	1.499344e-01	7.281224e-01	-6.323530e-01	7.540742e-05	2.513399e-03	1.015402	
1 -35.226131	3.795513e+01	3.025463e+01	2.523645e+01	5.877490e-01	1.500125e-01	7.282056e-01	-6.148120e-01	7.539995e-05	2.513239e-03	1.015853	
1 -34.221106	3.992417e+01	3.173351e+01	2.646065e+01	5.877193e-01	1.500921e-01	7.282906e-01	-5.972710e-01	7.539132e-05	2.513082e-03	1.016309	
1 -33.216080	4.196055e+01	3.325914e+01	2.772152e+01	5.876850e-01	1.501731e-01	7.283776e-01	-5.797300e-01	7.538152e-05	2.512927e-03	1.016771	
1 -32.211055	4.406513e+01	3.483207e+01	2.901928e+01	5.876461e-01	1.502555e-01	7.284666e-01	-5.621890e-01	7.537050e-05	2.512774e-03	1.017238	
1 -31.206030	4.623875e+01	3.645282e+01	3.035409e+01	5.876025e-01	1.503393e-01	7.285575e-01	-5.446480e-01	7.535825e-05	2.512624e-03	1.017711	
1 -30.201005	4.848219e+01	3.812189e+01	3.172611e+01	5.875540e-01	1.504245e-01	7.286503e-01	-5.271070e-01	7.534474e-05	2.512476e-03	1.018188	
1 -29.195980	5.079620e+01	3.983972e+01	3.313542e+01	5.875007e-01	1.505110e-01	7.287451e-01	-5.095660e-01	7.532995e-05	2.512330e-03	1.018671	
1 -28.190955	5.318146e+01	4.160676e+01	3.458210e+01	5.874424e-01	1.505987e-01	7.288419e-01	-4.920250e-01	7.531385e-05	2.512187e-03	1.019159	
1 -27.185930	5.563863e+01	4.342341e+01	3.606617e+01	5.873791e-01	1.506878e-01	7.289407e-01	-4.744840e-01	7.529642e-05	2.512046e-03	1.019652	
1 -26.180905	5.816829e+01	4.529001e+01	3.758761e+01	5.873106e-01	1.507781e-01	7.290414e-01	-4.569430e-01	7.527765e-05	2.511908e-03	1.020150	
1 -25.175879	6.077097e+01	4.720691e+01	3.914637e+01	5.872371e-01	1.508697e-01	7.291441e-01	-4.394020e-01	7.525752e-05	2.511772e-03	1.020653	
1 -24.170854	6.344715e+01	4.917440e+01	4.074233e+01	5.871583e-01	1.509624e-01	7.292487e-01	-4.218610e-01	7.523600e-05	2.511639e-03	1.021161	
1 -23.165829	6.619725e+01	5.119272e+01	4.237537e+01	5.870743e-01	1.510564e-01	7.293554e-01	-4.043200e-01	7.521309e-05	2.511508e-03	1.021674	
1 -22.160804	6.902164e+01	5.326209e+01	4.404528e+01	5.869850e-01	1.511514e-01	7.294640e-01	-3.867790e-01	7.518876e-05	2.511380e-03	1.022191	
1 -21.155779	7.192060e+01	5.538268e+01	4.575183e+01	5.868904e-01	1.512476e-01	7.295745e-01	-3.692380e-01	7.516302e-05	2.511255e-03	1.022712	
1 -20.150754	7.489437e+01	5.755462e+01	4.749475e+01	5.867904e-01	1.513449e-01	7.296869e-01	-3.516970e-01	7.513584e-05	2.511132e-03	1.023238	
1 -19.145729	7.794312e+01	5.977800e+01	4.927371e+01	5.866850e-01	1.514432e-01	7.298013e-01	-3.341560e-01	7.510723e-05	2.511013e-03	1.023768	
1 -18.140704	8.106694e+01	6.205286e+01	5.108833e+01	5.865742e-01	1.515425e-01	7.299176e-01	-3.166150e-01	7.507717e-05	2.510896e-03	1.024303	
1 -17.135678	8.426586e+01	6.437918e+01	5.293820e+01	5.864581e-01	1.516428e-01	7.300359e-01	-2.990740e-01	7.504566e-05	2.510782e-03	1.024841	
1 -16.130653	8.753985e+01	6.675692e+01	5.482285e+01	5.863365e-01	1.517440e-01	7.301559e-01	-2.815330e-01	7.501269e-05	2.510671e-03	1.025384	
1 -15.125628	9.088878e+01	6.918596e+01	5.674177e+01	5.862095e-01	1.518461e-01	7.302779e-01	-2.639920e-01	7.497828e-05	2.510563e-03	1.025930	
1 -14.120603	9.431246e+01	7.166616e+01	5.869438e+01	5.860771e-01	1.519490e-01	7.304016e-01	-2.464510e-01	7.494241e-05	2.510458e-03	1.026480	
1 -13.115578	9.781064e+01	7.419731e+01	6.068009e+01	5.859394e-01	1.520528e-01	7.305272e-01	-2.289100e-01	7.490509e-05	2.510357e-03	1.027034	
1 -12.110553	1.013830e+02	7.677914e+01	6.269822e+01	5.857963e-01	1.521573e-01	7.306546e-01	-2.113690e-01	7.486634e-05	2.510258e-03	1.027591	
1 -11.105528	1.050290e+02	7.941135e+01	6.474808e+01	5.856479e-01	1.522626e-01	7.307837e-01	-1.938280e-01	7.482615e-05	2.510162e-03	1.028152	
1 -10.100503	1.087483e+02	8.209357e+01	6.682891e+01	5.854942e-01	1.523685e-01	7.309146e-01	-1.762870e-01	7.478453e-05	2.510070e-03	1.028715	
1 -9.095477	1.125402e+02	8.482536e+01	6.893991e+01	5.853353e-01	1.524751e-01	7.310471e-01	-1.587460e-01	7.474151e-05	2.509981e-03	1.029282	
1 -8.090452	1.164041e+02	8.760625e+01	7.108023e+01	5.851713e-01	1.525823e-01	7.311813e-01	-1.412050e-01	7.469709e-05	2.509895e-03	1.029851	
1 -7.085427	1.203392e+02	9.043569e+01	7.324897e+01	5.850022e-01	1.526901e-01	7.313171e-01	-1.236640e-01	7.465130e-05	2.509812e-03	1.030423	
1 -6.080402	1.243448e+02	9.331308e+01	7.544519e+01	5.848280e-01	1.527983e-01	7.314545e-01	-1.061230e-01	7.460414e-05	2.509733e-03	1.030997	
1 -5.075377	1.284198e+02	9.623777e+01	7.766791e+01	5.846490e-01	1.529070e-01	7.315934e-01	-8.858204e-02	7.455565e-05	2.509657e-03	1.031574	
1 -4.070352	1.325632e+02	9.920903e+01	7.991610e+01	5.844650e-01	1.530161e-01	7.317338e-01	-7.104104e-02	7.450585e-05	2.509585e-03	1.032153	
1 -3.065327	1.367741e+02	1.022261e+02	8.218868e+01	5.842764e-01	1.531256e-01	7.318756e-01	-5.350004e-02	7.445475e-05	2.509516e-03	1.032734	
1 -2.060302	1.410511e+02	1.052881e+02	8.448454e+01	5.840831e-01	1.532354e-01	7.320189e-01	-3.595904e-02	7.440240e-05	2.509451e-03	1.033316	
1 -1.055276	1.453931e+02	1.083941e+02	8.680252e+01	5.838852e-01	1.533454e-01	7.321634e-01	-1.841805e-02	7.434882e-05	2.509389e-03	1.033900	
1 -0.050251	1.497987e+02	1.115432e+02	8.914142e+01	5.836830e-01	1.534557e-01	7.323093e-01	-8.770499e-04	7.429404e-05	2.509331e-03	1.034486	
1 0.954774	1.542664e+02	1.147343e+02	9.150001e+01	5.834765e-01	1.535661e-01	7.324563e-01	1.666395e-02	7.423811e-05	2.509277e-03	1.035073	
1 1.959799	1.587947e+02	1.179664e+02	9.387702e+01	5.832658e-01	1.536767e-01	7.326046e-01	3.420495e-02	7.418104e-05	2.509226e-03	1.035660	
1 2.964824	1.633819e+02	1.212382e+02	9.627114e+01	5.830511e-01	1.537873e-01	7.327539e-01	5.174594e-02	7.412290e-05	2.509178e-03	1.036248	
1 3.969849	1.680265e+02	1.245485e+02	9.868102e+01	5.828326e-01	1.538979e-01	7.329043e-01	6.928694e-02	7.406371e-05	2.509135e-03	1.036837	
1 4.974874	1.727265e+02	1.278961e+02	1.011053e+02	5.826104e-01	1.540085e-01	7.330556e-01	8.682794e-02	7.400352e-05	2.509095e-03	1.037426	
1 5.979899	1.774801e+02	1.312796e+02	1.035426e+02	5.823847e-01	1.541190e-01	7.332079e-01	1.043689e-01	7.394237e-05	2.509060e-03	1.038015	
1 6.984925	1.822852e+02	1.346975e+02	1.059914e+02	5.821556e-01	1.542294e-01	7.333610e-01	1.219099e-01	7.388032e-05	2.509027e-03	1.038605	
1 7.989950	1.871399e+02	1.381485e+02	1.084503e+02	5.819233e-01	1.543396e-01	7.335149e-01	1.394509e-01	7.381740e-05	2.508999e-03	1.039193	
1 8.994975	1.920420e+02	1.416308e+02	1.109178e+02	5.816880e-01	1.544495e-01	7.336694e-01	1.569919e-01	7.375367e-05	2.508975e-03	1.039781	
1 10.000000	1.969893e+02	1.451430e+02	1.133923e+02	5.814499e-01	1.545592e-01	7.338246e-01	1.745329e-01	7.368919e-05	2.508955e-03	1.040368	

# Mon Jan 23 16:55:42 2017
##### FINIS #####
