# This file was created by 'globes-accuracy 3.1.11' using GLoBES 3.2.13
# The command line was
# ../cdr_testsetup/myacc -A3 -X-100,100 -R200 -p0.5857,0.148,0.726,0.0,0.000075,0.002524 -E0.023,0.018,0.058,0.0,0.024,0.016 -F -d 0.02 -DNUTIME=1.05140186916 -DNUBARTIME=1.05140186916 dune_optimized_long_syst3pc.glb data/resdcp0_optimized_long_syst3pc_no_exp90 
#
# Fri Mar 10 14:57:34 2017

------ solution #1 out of 1 ------
-1 -100.000000	2.372930e+01	2.053510e+01	1.868591e+01	5.833716e-01	1.462389e-01	7.209382e-01	-1.745329e+00	7.434555e-05	2.537197e-03	0.993035	
-1 -98.994975	2.365754e+01	2.045303e+01	1.861577e+01	5.833806e-01	1.462333e-01	7.209250e-01	-1.727788e+00	7.434702e-05	2.537028e-03	0.993050	
-1 -97.989950	2.357662e+01	2.036363e+01	1.853872e+01	5.833905e-01	1.462282e-01	7.209128e-01	-1.710247e+00	7.434874e-05	2.536858e-03	0.993067	
-1 -96.984925	2.348654e+01	2.026691e+01	1.845479e+01	5.834013e-01	1.462235e-01	7.209016e-01	-1.692706e+00	7.435073e-05	2.536688e-03	0.993085	
-1 -95.979899	2.338732e+01	2.016291e+01	1.836399e+01	5.834129e-01	1.462193e-01	7.208914e-01	-1.675165e+00	7.435298e-05	2.536518e-03	0.993105	
-1 -94.974874	2.327899e+01	2.005166e+01	1.826636e+01	5.834255e-01	1.462156e-01	7.208821e-01	-1.657624e+00	7.435550e-05	2.536347e-03	0.993125	
-1 -93.969849	2.316157e+01	1.993318e+01	1.816192e+01	5.834389e-01	1.462123e-01	7.208738e-01	-1.640083e+00	7.435827e-05	2.536176e-03	0.993148	
-1 -92.964824	2.303512e+01	1.980754e+01	1.805073e+01	5.834532e-01	1.462095e-01	7.208665e-01	-1.622542e+00	7.436130e-05	2.536004e-03	0.993171	
-1 -91.959799	2.289968e+01	1.967477e+01	1.793283e+01	5.834684e-01	1.462072e-01	7.208601e-01	-1.605001e+00	7.436459e-05	2.535832e-03	0.993196	
-1 -90.954774	2.275533e+01	1.953495e+01	1.780827e+01	5.834844e-01	1.462054e-01	7.208548e-01	-1.587460e+00	7.436814e-05	2.535661e-03	0.993223	
-1 -89.949749	2.260212e+01	1.938814e+01	1.767712e+01	5.835013e-01	1.462041e-01	7.208504e-01	-1.569919e+00	7.437195e-05	2.535489e-03	0.993250	
-1 -88.944724	2.244015e+01	1.923442e+01	1.753945e+01	5.835190e-01	1.462032e-01	7.208471e-01	-1.552378e+00	7.437600e-05	2.535316e-03	0.993279	
-1 -87.939698	2.226950e+01	1.907386e+01	1.739533e+01	5.835376e-01	1.462028e-01	7.208447e-01	-1.534837e+00	7.438031e-05	2.535144e-03	0.993309	
-1 -86.934673	2.209027e+01	1.890655e+01	1.724484e+01	5.835570e-01	1.462029e-01	7.208433e-01	-1.517296e+00	7.438486e-05	2.534972e-03	0.993341	
-1 -85.929648	2.190258e+01	1.873259e+01	1.708808e+01	5.835771e-01	1.462035e-01	7.208430e-01	-1.499755e+00	7.438966e-05	2.534800e-03	0.993374	
-1 -84.924623	2.170653e+01	1.855208e+01	1.692514e+01	5.835981e-01	1.462045e-01	7.208437e-01	-1.482214e+00	7.439471e-05	2.534628e-03	0.993408	
-1 -83.919598	2.150226e+01	1.836513e+01	1.675614e+01	5.836225e-01	1.462075e-01	7.208183e-01	-1.464673e+00	7.440000e-05	2.534455e-03	0.993443	
-1 -82.914573	2.128990e+01	1.817186e+01	1.658115e+01	5.836450e-01	1.462095e-01	7.208217e-01	-1.447132e+00	7.440552e-05	2.534283e-03	0.993479	
-1 -81.909548	2.106960e+01	1.797238e+01	1.640030e+01	5.836682e-01	1.462120e-01	7.208262e-01	-1.429591e+00	7.441127e-05	2.534111e-03	0.993517	
-1 -80.904523	2.084150e+01	1.776682e+01	1.621372e+01	5.836922e-01	1.462149e-01	7.208317e-01	-1.412050e+00	7.441725e-05	2.533940e-03	0.993556	
-1 -79.899497	2.060577e+01	1.755532e+01	1.602154e+01	5.837169e-01	1.462183e-01	7.208383e-01	-1.394509e+00	7.442345e-05	2.533769e-03	0.993597	
-1 -78.894472	2.036258e+01	1.733802e+01	1.582387e+01	5.837423e-01	1.462223e-01	7.208460e-01	-1.376968e+00	7.442987e-05	2.533598e-03	0.993638	
-1 -77.889447	2.011210e+01	1.711507e+01	1.562087e+01	5.837684e-01	1.462267e-01	7.208548e-01	-1.359427e+00	7.443651e-05	2.533427e-03	0.993681	
-1 -76.884422	1.985452e+01	1.688661e+01	1.541268e+01	5.837951e-01	1.462316e-01	7.208647e-01	-1.341886e+00	7.444335e-05	2.533257e-03	0.993725	
-1 -75.879397	1.959004e+01	1.665281e+01	1.519945e+01	5.838225e-01	1.462370e-01	7.208757e-01	-1.324345e+00	7.445039e-05	2.533087e-03	0.993770	
-1 -74.874372	1.931884e+01	1.641383e+01	1.498133e+01	5.838506e-01	1.462428e-01	7.208878e-01	-1.306804e+00	7.445764e-05	2.532918e-03	0.993817	
-1 -73.869347	1.904115e+01	1.616984e+01	1.475849e+01	5.838792e-01	1.462492e-01	7.209011e-01	-1.289263e+00	7.446508e-05	2.532749e-03	0.993864	
-1 -72.864322	1.875717e+01	1.592102e+01	1.453109e+01	5.839085e-01	1.462561e-01	7.209155e-01	-1.271722e+00	7.447270e-05	2.532581e-03	0.993913	
-1 -71.859296	1.846714e+01	1.566754e+01	1.429930e+01	5.839382e-01	1.462634e-01	7.209311e-01	-1.254181e+00	7.448051e-05	2.532413e-03	0.993963	
-1 -70.854271	1.817127e+01	1.540960e+01	1.406331e+01	5.839686e-01	1.462713e-01	7.209478e-01	-1.236640e+00	7.448849e-05	2.532246e-03	0.994014	
-1 -69.849246	1.786980e+01	1.514739e+01	1.382328e+01	5.839994e-01	1.462797e-01	7.209658e-01	-1.219099e+00	7.449664e-05	2.532079e-03	0.994066	
-1 -68.844221	1.756298e+01	1.488110e+01	1.357942e+01	5.840308e-01	1.462885e-01	7.209849e-01	-1.201558e+00	7.450495e-05	2.531914e-03	0.994119	
-1 -67.839196	1.725106e+01	1.461093e+01	1.333190e+01	5.840626e-01	1.462978e-01	7.210053e-01	-1.184017e+00	7.451341e-05	2.531748e-03	0.994174	
-1 -66.834171	1.693429e+01	1.433709e+01	1.308094e+01	5.840948e-01	1.463077e-01	7.210269e-01	-1.166476e+00	7.452202e-05	2.531584e-03	0.994229	
-1 -65.829146	1.661293e+01	1.405978e+01	1.282671e+01	5.841275e-01	1.463180e-01	7.210498e-01	-1.148935e+00	7.453078e-05	2.531420e-03	0.994286	
-1 -64.824121	1.628725e+01	1.377924e+01	1.256944e+01	5.841606e-01	1.463289e-01	7.210739e-01	-1.131394e+00	7.453967e-05	2.531258e-03	0.994344	
-1 -63.819095	1.595751e+01	1.349566e+01	1.230932e+01	5.841940e-01	1.463402e-01	7.210993e-01	-1.113853e+00	7.454868e-05	2.531096e-03	0.994403	
-1 -62.814070	1.562401e+01	1.320928e+01	1.204657e+01	5.842278e-01	1.463521e-01	7.211260e-01	-1.096312e+00	7.455781e-05	2.530935e-03	0.994462	
-1 -61.809045	1.528701e+01	1.292032e+01	1.178141e+01	5.842618e-01	1.463644e-01	7.211540e-01	-1.078771e+00	7.456706e-05	2.530775e-03	0.994523	
-1 -60.804020	1.494681e+01	1.262901e+01	1.151405e+01	5.842961e-01	1.463772e-01	7.211834e-01	-1.061230e+00	7.457640e-05	2.530615e-03	0.994585	
-1 -59.798995	1.460369e+01	1.233559e+01	1.124471e+01	5.843307e-01	1.463906e-01	7.212141e-01	-1.043689e+00	7.458584e-05	2.530457e-03	0.994649	
-1 -58.793970	1.425796e+01	1.204028e+01	1.097362e+01	5.843655e-01	1.464044e-01	7.212462e-01	-1.026148e+00	7.459537e-05	2.530300e-03	0.994713	
-1 -57.788945	1.390990e+01	1.174334e+01	1.070100e+01	5.844005e-01	1.464187e-01	7.212796e-01	-1.008607e+00	7.460498e-05	2.530144e-03	0.994778	
-1 -56.783920	1.355982e+01	1.144500e+01	1.042710e+01	5.844356e-01	1.464336e-01	7.213145e-01	-9.910664e-01	7.461465e-05	2.529989e-03	0.994844	
-1 -55.778894	1.320803e+01	1.114551e+01	1.015213e+01	5.844709e-01	1.464489e-01	7.213507e-01	-9.735254e-01	7.462439e-05	2.529835e-03	0.994911	
-1 -54.773869	1.285484e+01	1.084511e+01	9.876330e+00	5.845062e-01	1.464647e-01	7.213884e-01	-9.559844e-01	7.463418e-05	2.529683e-03	0.994980	
-1 -53.768844	1.250055e+01	1.054405e+01	9.599942e+00	5.845417e-01	1.464811e-01	7.214276e-01	-9.384434e-01	7.464402e-05	2.529531e-03	0.995049	
-1 -52.763819	1.214548e+01	1.024259e+01	9.323201e+00	5.845771e-01	1.464979e-01	7.214682e-01	-9.209024e-01	7.465389e-05	2.529381e-03	0.995119	
-1 -51.758794	1.178994e+01	9.940981e+00	9.046347e+00	5.846125e-01	1.465152e-01	7.215103e-01	-9.033614e-01	7.466379e-05	2.529232e-03	0.995190	
-1 -50.753769	1.143426e+01	9.639473e+00	8.769621e+00	5.846479e-01	1.465330e-01	7.215539e-01	-8.858204e-01	7.467370e-05	2.529084e-03	0.995263	
-1 -49.748744	1.107875e+01	9.338323e+00	8.493264e+00	5.846833e-01	1.465513e-01	7.215990e-01	-8.682794e-01	7.468362e-05	2.528938e-03	0.995336	
-1 -48.743719	1.072373e+01	9.037789e+00	8.217519e+00	5.847185e-01	1.465701e-01	7.216457e-01	-8.507384e-01	7.469355e-05	2.528793e-03	0.995410	
-1 -47.738693	1.036952e+01	8.738129e+00	7.942629e+00	5.847536e-01	1.465894e-01	7.216939e-01	-8.331974e-01	7.470346e-05	2.528649e-03	0.995486	
-1 -46.733668	1.001644e+01	8.439600e+00	7.668838e+00	5.847886e-01	1.466092e-01	7.217436e-01	-8.156564e-01	7.471336e-05	2.528507e-03	0.995562	
-1 -45.728643	9.664818e+00	8.142462e+00	7.396389e+00	5.848233e-01	1.466295e-01	7.217950e-01	-7.981154e-01	7.472322e-05	2.528366e-03	0.995639	
-1 -44.723618	9.314972e+00	7.846972e+00	7.125525e+00	5.848578e-01	1.466503e-01	7.218480e-01	-7.805744e-01	7.473306e-05	2.528227e-03	0.995717	
-1 -43.718593	8.967223e+00	7.553391e+00	6.856490e+00	5.848921e-01	1.466715e-01	7.219026e-01	-7.630334e-01	7.474284e-05	2.528089e-03	0.995796	
-1 -42.713568	8.621893e+00	7.261976e+00	6.589526e+00	5.849260e-01	1.466932e-01	7.219588e-01	-7.454924e-01	7.475257e-05	2.527953e-03	0.995876	
-1 -41.708543	8.279299e+00	6.972984e+00	6.324873e+00	5.849596e-01	1.467154e-01	7.220167e-01	-7.279514e-01	7.476223e-05	2.527818e-03	0.995957	
-1 -40.703518	7.939762e+00	6.686673e+00	6.062772e+00	5.849929e-01	1.467381e-01	7.220762e-01	-7.104104e-01	7.477182e-05	2.527685e-03	0.996039	
-1 -39.698492	7.603596e+00	6.403299e+00	5.803462e+00	5.850257e-01	1.467613e-01	7.221375e-01	-6.928694e-01	7.478133e-05	2.527554e-03	0.996121	
-1 -38.693467	7.271116e+00	6.123116e+00	5.547179e+00	5.850582e-01	1.467849e-01	7.222004e-01	-6.753284e-01	7.479074e-05	2.527424e-03	0.996205	
-1 -37.688442	6.942635e+00	5.846376e+00	5.294158e+00	5.850902e-01	1.468090e-01	7.222651e-01	-6.577874e-01	7.480005e-05	2.527296e-03	0.996290	
-1 -36.683417	6.618462e+00	5.573330e+00	5.044632e+00	5.851216e-01	1.468336e-01	7.223315e-01	-6.402464e-01	7.480926e-05	2.527169e-03	0.996375	
-1 -35.678392	6.298903e+00	5.304228e+00	4.798832e+00	5.851526e-01	1.468586e-01	7.223996e-01	-6.227054e-01	7.481834e-05	2.527045e-03	0.996461	
-1 -34.673367	5.984261e+00	5.039316e+00	4.556984e+00	5.851830e-01	1.468841e-01	7.224694e-01	-6.051644e-01	7.482729e-05	2.526922e-03	0.996549	
-1 -33.668342	5.674836e+00	4.778838e+00	4.319314e+00	5.852128e-01	1.469100e-01	7.225411e-01	-5.876234e-01	7.483611e-05	2.526801e-03	0.996637	
-1 -32.663317	5.370924e+00	4.523034e+00	4.086042e+00	5.852420e-01	1.469364e-01	7.226145e-01	-5.700824e-01	7.484477e-05	2.526682e-03	0.996726	
-1 -31.658291	5.072816e+00	4.272143e+00	3.857385e+00	5.852706e-01	1.469633e-01	7.226897e-01	-5.525414e-01	7.485329e-05	2.526564e-03	0.996815	
-1 -30.653266	4.780799e+00	4.026399e+00	3.633559e+00	5.852985e-01	1.469906e-01	7.227668e-01	-5.350004e-01	7.486164e-05	2.526449e-03	0.996906	
-1 -29.648241	4.495154e+00	3.786032e+00	3.414772e+00	5.853257e-01	1.470183e-01	7.228456e-01	-5.174594e-01	7.486981e-05	2.526336e-03	0.996997	
-1 -28.643216	4.216158e+00	3.551271e+00	3.201230e+00	5.853521e-01	1.470464e-01	7.229262e-01	-4.999184e-01	7.487781e-05	2.526224e-03	0.997089	
-1 -27.638191	3.944082e+00	3.322336e+00	2.993134e+00	5.853778e-01	1.470750e-01	7.230087e-01	-4.823774e-01	7.488562e-05	2.526115e-03	0.997182	
-1 -26.633166	3.679191e+00	3.099447e+00	2.790680e+00	5.854027e-01	1.471040e-01	7.230931e-01	-4.648364e-01	7.489322e-05	2.526007e-03	0.997276	
-1 -25.628141	3.421744e+00	2.882818e+00	2.594058e+00	5.854276e-01	1.471341e-01	7.231729e-01	-4.472954e-01	7.490056e-05	2.525901e-03	0.997371	
-1 -24.623116	3.171994e+00	2.672657e+00	2.403456e+00	5.854509e-01	1.471640e-01	7.232608e-01	-4.297544e-01	7.490775e-05	2.525797e-03	0.997466	
-1 -23.618090	2.930186e+00	2.469167e+00	2.219052e+00	5.854732e-01	1.471942e-01	7.233506e-01	-4.122134e-01	7.491472e-05	2.525696e-03	0.997562	
-1 -22.613065	2.696559e+00	2.272547e+00	2.041021e+00	5.854947e-01	1.472248e-01	7.234422e-01	-3.946724e-01	7.492147e-05	2.525597e-03	0.997659	
-1 -21.608040	2.471344e+00	2.082988e+00	1.869532e+00	5.855152e-01	1.472558e-01	7.235358e-01	-3.771314e-01	7.492798e-05	2.525500e-03	0.997757	
-1 -20.603015	2.254765e+00	1.900678e+00	1.704745e+00	5.855349e-01	1.472872e-01	7.236313e-01	-3.595904e-01	7.493424e-05	2.525405e-03	0.997855	
-1 -19.597990	2.047037e+00	1.725797e+00	1.546817e+00	5.855535e-01	1.473189e-01	7.237286e-01	-3.420495e-01	7.494026e-05	2.525313e-03	0.997954	
-1 -18.592965	1.848367e+00	1.558518e+00	1.395896e+00	5.855711e-01	1.473511e-01	7.238279e-01	-3.245085e-01	7.494602e-05	2.525223e-03	0.998054	
-1 -17.587940	1.658954e+00	1.399009e+00	1.252123e+00	5.855878e-01	1.473835e-01	7.239290e-01	-3.069675e-01	7.495151e-05	2.525135e-03	0.998154	
-1 -16.582915	1.478988e+00	1.247430e+00	1.115633e+00	5.856034e-01	1.474164e-01	7.240321e-01	-2.894265e-01	7.495674e-05	2.525049e-03	0.998255	
-1 -15.577889	1.308650e+00	1.103933e+00	9.865532e-01	5.856180e-01	1.474495e-01	7.241371e-01	-2.718855e-01	7.496169e-05	2.524966e-03	0.998357	
-1 -14.572864	1.148112e+00	9.686655e-01	8.650025e-01	5.856315e-01	1.474830e-01	7.242439e-01	-2.543445e-01	7.496637e-05	2.524885e-03	0.998459	
-1 -13.567839	9.975354e-01	8.417646e-01	7.510927e-01	5.856439e-01	1.475169e-01	7.243527e-01	-2.368035e-01	7.497075e-05	2.524807e-03	0.998562	
-1 -12.562814	8.570722e-01	7.233608e-01	6.449272e-01	5.856553e-01	1.475510e-01	7.244633e-01	-2.192625e-01	7.497485e-05	2.524731e-03	0.998665	
-1 -11.557789	7.268647e-01	6.135764e-01	5.466014e-01	5.856655e-01	1.475854e-01	7.245758e-01	-2.017215e-01	7.497865e-05	2.524657e-03	0.998770	
-1 -10.552764	6.070447e-01	5.125255e-01	4.562022e-01	5.856746e-01	1.476202e-01	7.246902e-01	-1.841805e-01	7.498216e-05	2.524586e-03	0.998874	
-1 -9.547739	4.977335e-01	4.203137e-01	3.738082e-01	5.856825e-01	1.476552e-01	7.248064e-01	-1.666395e-01	7.498535e-05	2.524518e-03	0.998979	
-1 -8.542714	3.990416e-01	3.370380e-01	2.994891e-01	5.856893e-01	1.476905e-01	7.249245e-01	-1.490985e-01	7.498824e-05	2.524452e-03	0.999085	
-1 -7.537688	3.110688e-01	2.627865e-01	2.333058e-01	5.856950e-01	1.477260e-01	7.250444e-01	-1.315575e-01	7.499082e-05	2.524389e-03	0.999191	
-1 -6.532663	2.339035e-01	1.976383e-01	1.753104e-01	5.856995e-01	1.477619e-01	7.251661e-01	-1.140165e-01	7.499309e-05	2.524328e-03	0.999298	
-1 -5.527638	1.676230e-01	1.416634e-01	1.255458e-01	5.857028e-01	1.477979e-01	7.252896e-01	-9.647549e-02	7.499504e-05	2.524270e-03	0.999405	
-1 -4.522613	1.122933e-01	9.492249e-02	8.404556e-02	5.857050e-01	1.478342e-01	7.254149e-01	-7.893449e-02	7.499667e-05	2.524215e-03	0.999512	
-1 -3.517588	6.796835e-02	5.746656e-02	5.083418e-02	5.857059e-01	1.478707e-01	7.255420e-01	-6.139349e-02	7.499797e-05	2.524162e-03	0.999620	
-1 -2.512563	3.469077e-02	2.933709e-02	2.592665e-02	5.857057e-01	1.479074e-01	7.256707e-01	-4.385249e-02	7.499896e-05	2.524112e-03	0.999728	
-1 -1.507538	1.249110e-02	1.056574e-02	9.328501e-03	5.857043e-01	1.479443e-01	7.258012e-01	-2.631150e-02	7.499962e-05	2.524065e-03	0.999837	
-1 -0.502513	1.387916e-03	1.174248e-03	1.035734e-03	5.857017e-01	1.479814e-01	7.259334e-01	-8.770499e-03	7.499995e-05	2.524021e-03	0.999945	
-1 0.502513	1.387677e-03	1.174314e-03	1.034767e-03	5.856980e-01	1.480186e-01	7.260673e-01	8.770499e-03	7.499996e-05	2.523980e-03	1.000055	
-1 1.507538	1.248464e-02	1.056750e-02	9.302393e-03	5.856930e-01	1.480560e-01	7.262027e-01	2.631150e-02	7.499965e-05	2.523941e-03	1.000164	
-1 2.512563	3.466080e-02	2.934512e-02	2.580576e-02	5.856869e-01	1.480936e-01	7.263398e-01	4.385249e-02	7.499901e-05	2.523905e-03	1.000274	
-1 3.517588	6.788577e-02	5.748817e-02	5.050237e-02	5.856796e-01	1.481313e-01	7.264785e-01	6.139349e-02	7.499804e-05	2.523873e-03	1.000384	
-1 4.522613	1.121168e-01	9.496729e-02	8.334005e-02	5.856711e-01	1.481691e-01	7.266186e-01	7.893449e-02	7.499675e-05	2.523843e-03	1.000494	
-1 5.527638	1.672987e-01	1.417426e-01	1.242570e-01	5.856615e-01	1.482070e-01	7.267603e-01	9.647549e-02	7.499514e-05	2.523816e-03	1.000604	
-1 6.532663	2.333639e-01	1.977638e-01	1.731819e-01	5.856507e-01	1.482450e-01	7.269034e-01	1.140165e-01	7.499322e-05	2.523792e-03	1.000714	
-1 7.537688	3.102322e-01	2.629701e-01	2.300338e-01	5.856388e-01	1.482830e-01	7.270479e-01	1.315575e-01	7.499097e-05	2.523771e-03	1.000824	
-1 8.542714	3.978112e-01	3.372900e-01	2.947223e-01	5.856258e-01	1.483212e-01	7.271938e-01	1.490985e-01	7.498841e-05	2.523754e-03	1.000935	
-1 9.547739	4.959959e-01	4.206417e-01	3.671476e-01	5.856117e-01	1.483594e-01	7.273410e-01	1.666395e-01	7.498554e-05	2.523739e-03	1.001045	
-1 10.552764	6.046691e-01	5.129326e-01	4.472006e-01	5.855965e-01	1.483976e-01	7.274895e-01	1.841805e-01	7.498236e-05	2.523727e-03	1.001156	
-1 11.557789	7.237013e-01	6.140599e-01	5.347631e-01	5.855802e-01	1.484358e-01	7.276392e-01	2.017215e-01	7.497888e-05	2.523719e-03	1.001266	
-1 12.562814	8.529506e-01	7.239102e-01	6.297076e-01	5.855628e-01	1.484740e-01	7.277901e-01	2.192625e-01	7.497510e-05	2.523714e-03	1.001376	
-1 13.567839	9.922633e-01	8.423597e-01	7.318981e-01	5.855444e-01	1.485122e-01	7.279421e-01	2.368035e-01	7.497102e-05	2.523712e-03	1.001487	
-1 14.572864	1.141473e+00	9.692742e-01	8.411895e-01	5.855251e-01	1.485504e-01	7.280952e-01	2.543445e-01	7.496666e-05	2.523713e-03	1.001596	
-1 15.577889	1.300403e+00	1.104510e+00	9.574282e-01	5.855047e-01	1.485886e-01	7.282493e-01	2.718855e-01	7.496202e-05	2.523717e-03	1.001706	
-1 16.582915	1.468864e+00	1.247911e+00	1.080452e+00	5.854833e-01	1.486266e-01	7.284043e-01	2.894265e-01	7.495710e-05	2.523725e-03	1.001816	
-1 17.587940	1.646654e+00	1.399315e+00	1.210092e+00	5.854611e-01	1.486647e-01	7.285602e-01	3.069675e-01	7.495191e-05	2.523736e-03	1.001925	
-1 18.592965	1.833561e+00	1.558546e+00	1.346169e+00	5.854379e-01	1.487026e-01	7.287169e-01	3.245085e-01	7.494646e-05	2.523750e-03	1.002034	
-1 19.597990	2.029363e+00	1.725421e+00	1.488497e+00	5.854138e-01	1.487404e-01	7.288743e-01	3.420495e-01	7.494075e-05	2.523767e-03	1.002142	
-1 20.603015	2.233824e+00	1.899747e+00	1.636884e+00	5.853889e-01	1.487781e-01	7.290324e-01	3.595904e-01	7.493480e-05	2.523788e-03	1.002250	
-1 21.608040	2.446701e+00	2.081320e+00	1.791129e+00	5.853631e-01	1.488157e-01	7.291912e-01	3.771314e-01	7.492861e-05	2.523812e-03	1.002358	
-1 22.613065	2.667737e+00	2.269929e+00	1.951024e+00	5.853366e-01	1.488531e-01	7.293504e-01	3.946724e-01	7.492218e-05	2.523839e-03	1.002465	
-1 23.618090	2.896668e+00	2.465353e+00	2.116357e+00	5.853093e-01	1.488903e-01	7.295101e-01	4.122134e-01	7.491554e-05	2.523870e-03	1.002572	
-1 24.623116	3.133218e+00	2.667362e+00	2.286906e+00	5.852813e-01	1.489274e-01	7.296702e-01	4.297544e-01	7.490868e-05	2.523904e-03	1.002678	
-1 25.628141	3.377104e+00	2.875720e+00	2.462445e+00	5.852525e-01	1.489642e-01	7.298306e-01	4.472954e-01	7.490162e-05	2.523942e-03	1.002783	
-1 26.633166	3.628031e+00	3.090181e+00	2.642743e+00	5.852232e-01	1.490009e-01	7.299912e-01	4.648364e-01	7.489436e-05	2.523983e-03	1.002888	
-1 27.638191	3.885697e+00	3.310490e+00	2.827562e+00	5.851932e-01	1.490373e-01	7.301519e-01	4.823774e-01	7.488692e-05	2.524027e-03	1.002992	
-1 28.643216	4.149791e+00	3.536388e+00	3.016661e+00	5.851626e-01	1.490734e-01	7.303127e-01	4.999184e-01	7.487931e-05	2.524075e-03	1.003095	
-1 29.648241	4.419996e+00	3.767605e+00	3.209792e+00	5.851315e-01	1.491093e-01	7.304734e-01	5.174594e-01	7.487154e-05	2.524127e-03	1.003197	
-1 30.653266	4.695984e+00	4.003867e+00	3.406705e+00	5.850999e-01	1.491450e-01	7.306340e-01	5.350004e-01	7.486361e-05	2.524181e-03	1.003298	
-1 31.658291	4.977422e+00	4.244894e+00	3.607145e+00	5.850679e-01	1.491803e-01	7.307943e-01	5.525414e-01	7.485554e-05	2.524240e-03	1.003399	
-1 32.663317	5.263969e+00	4.490397e+00	3.810853e+00	5.850354e-01	1.492153e-01	7.309544e-01	5.700824e-01	7.484734e-05	2.524301e-03	1.003498	
-1 33.668342	5.555280e+00	4.740083e+00	4.017568e+00	5.850025e-01	1.492500e-01	7.311140e-01	5.876234e-01	7.483902e-05	2.524366e-03	1.003597	
-1 34.673367	5.851003e+00	4.993655e+00	4.227027e+00	5.849693e-01	1.492844e-01	7.312731e-01	6.051644e-01	7.483060e-05	2.524435e-03	1.003694	
-1 35.678392	6.150779e+00	5.250809e+00	4.438963e+00	5.849358e-01	1.493184e-01	7.314315e-01	6.227054e-01	7.482207e-05	2.524507e-03	1.003791	
-1 36.683417	6.454246e+00	5.511237e+00	4.653108e+00	5.849020e-01	1.493521e-01	7.315893e-01	6.402464e-01	7.481347e-05	2.524583e-03	1.003886	
-1 37.688442	6.761038e+00	5.774630e+00	4.869192e+00	5.848680e-01	1.493853e-01	7.317462e-01	6.577874e-01	7.480479e-05	2.524662e-03	1.003980	
-1 38.693467	7.070784e+00	6.040670e+00	5.086945e+00	5.848339e-01	1.494182e-01	7.319023e-01	6.753284e-01	7.479605e-05	2.524744e-03	1.004072	
-1 39.698492	7.383110e+00	6.309041e+00	5.306096e+00	5.847996e-01	1.494506e-01	7.320573e-01	6.928694e-01	7.478726e-05	2.524830e-03	1.004164	
-1 40.703518	7.697640e+00	6.579421e+00	5.526372e+00	5.847652e-01	1.494827e-01	7.322111e-01	7.104104e-01	7.477844e-05	2.524919e-03	1.004254	
-1 41.708543	8.013995e+00	6.851489e+00	5.747504e+00	5.847308e-01	1.495143e-01	7.323638e-01	7.279514e-01	7.476959e-05	2.525012e-03	1.004342	
-1 42.713568	8.331795e+00	7.124920e+00	5.969220e+00	5.846964e-01	1.495454e-01	7.325151e-01	7.454924e-01	7.476073e-05	2.525108e-03	1.004429	
-1 43.718593	8.650658e+00	7.399387e+00	6.191250e+00	5.846620e-01	1.495761e-01	7.326649e-01	7.630334e-01	7.475186e-05	2.525208e-03	1.004515	
-1 44.723618	8.970202e+00	7.674566e+00	6.413327e+00	5.846277e-01	1.496063e-01	7.328132e-01	7.805744e-01	7.474301e-05	2.525311e-03	1.004599	
-1 45.728643	9.290045e+00	7.950130e+00	6.635185e+00	5.845935e-01	1.496360e-01	7.329598e-01	7.981154e-01	7.473418e-05	2.525417e-03	1.004681	
-1 46.733668	9.609806e+00	8.225754e+00	6.856558e+00	5.845594e-01	1.496652e-01	7.331047e-01	8.156564e-01	7.472539e-05	2.525527e-03	1.004762	
-1 47.738693	9.929105e+00	8.501111e+00	7.077187e+00	5.845256e-01	1.496938e-01	7.332476e-01	8.331974e-01	7.471664e-05	2.525640e-03	1.004841	
-1 48.743719	1.024756e+01	8.775879e+00	7.296812e+00	5.844920e-01	1.497220e-01	7.333886e-01	8.507384e-01	7.470795e-05	2.525757e-03	1.004918	
-1 49.748744	1.056480e+01	9.049735e+00	7.515178e+00	5.844587e-01	1.497496e-01	7.335274e-01	8.682794e-01	7.469932e-05	2.525877e-03	1.004993	
-1 50.753769	1.088045e+01	9.322362e+00	7.732035e+00	5.844257e-01	1.497767e-01	7.336641e-01	8.858204e-01	7.469078e-05	2.526000e-03	1.005067	
-1 51.758794	1.119414e+01	9.593441e+00	7.947127e+00	5.843923e-01	1.498011e-01	7.338196e-01	9.033614e-01	7.468237e-05	2.526127e-03	1.005138	
-1 52.763819	1.150550e+01	9.862661e+00	8.160226e+00	5.843600e-01	1.498270e-01	7.339521e-01	9.209024e-01	7.467402e-05	2.526256e-03	1.005208	
-1 53.768844	1.181418e+01	1.012971e+01	8.371088e+00	5.843282e-01	1.498523e-01	7.340820e-01	9.384434e-01	7.466578e-05	2.526389e-03	1.005275	
-1 54.773869	1.211981e+01	1.039429e+01	8.579480e+00	5.842968e-01	1.498769e-01	7.342092e-01	9.559844e-01	7.465767e-05	2.526525e-03	1.005341	
-1 55.778894	1.242205e+01	1.065609e+01	8.785175e+00	5.842659e-01	1.499010e-01	7.343337e-01	9.735254e-01	7.464969e-05	2.526664e-03	1.005405	
-1 56.783920	1.272054e+01	1.091483e+01	8.987950e+00	5.842356e-01	1.499245e-01	7.344553e-01	9.910664e-01	7.464184e-05	2.526806e-03	1.005466	
-1 57.788945	1.301496e+01	1.117021e+01	9.187592e+00	5.842058e-01	1.499474e-01	7.345740e-01	1.008607e+00	7.463415e-05	2.526952e-03	1.005526	
-1 58.793970	1.330497e+01	1.142195e+01	9.383890e+00	5.841766e-01	1.499696e-01	7.346896e-01	1.026148e+00	7.462662e-05	2.527100e-03	1.005583	
-1 59.798995	1.359026e+01	1.166978e+01	9.576643e+00	5.841480e-01	1.499912e-01	7.348020e-01	1.043689e+00	7.461926e-05	2.527251e-03	1.005637	
-1 60.804020	1.387049e+01	1.191342e+01	9.765654e+00	5.841201e-01	1.500121e-01	7.349112e-01	1.061230e+00	7.461208e-05	2.527406e-03	1.005690	
-1 61.809045	1.414538e+01	1.215262e+01	9.950736e+00	5.840928e-01	1.500324e-01	7.350170e-01	1.078771e+00	7.460508e-05	2.527563e-03	1.005740	
-1 62.814070	1.441462e+01	1.238713e+01	1.013171e+01	5.840663e-01	1.500520e-01	7.351193e-01	1.096312e+00	7.459828e-05	2.527723e-03	1.005788	
-1 63.819095	1.467792e+01	1.261669e+01	1.030839e+01	5.840404e-01	1.500709e-01	7.352181e-01	1.113853e+00	7.459167e-05	2.527886e-03	1.005834	
-1 64.824121	1.493501e+01	1.284107e+01	1.048063e+01	5.840154e-01	1.500892e-01	7.353132e-01	1.131394e+00	7.458528e-05	2.528052e-03	1.005877	
-1 65.829146	1.518562e+01	1.306006e+01	1.064826e+01	5.839911e-01	1.501067e-01	7.354046e-01	1.148935e+00	7.457910e-05	2.528220e-03	1.005918	
-1 66.834171	1.542950e+01	1.327342e+01	1.081113e+01	5.839675e-01	1.501236e-01	7.354922e-01	1.166476e+00	7.457314e-05	2.528391e-03	1.005956	
-1 67.839196	1.566639e+01	1.348095e+01	1.096911e+01	5.839448e-01	1.501398e-01	7.355759e-01	1.184017e+00	7.456740e-05	2.528565e-03	1.005992	
-1 68.844221	1.589607e+01	1.368245e+01	1.112205e+01	5.839230e-01	1.501553e-01	7.356556e-01	1.201558e+00	7.456190e-05	2.528741e-03	1.006025	
-1 69.849246	1.611831e+01	1.387775e+01	1.126983e+01	5.839019e-01	1.501700e-01	7.357313e-01	1.219099e+00	7.455664e-05	2.528920e-03	1.006055	
-1 70.854271	1.633291e+01	1.406665e+01	1.141235e+01	5.838818e-01	1.501841e-01	7.358029e-01	1.236640e+00	7.455162e-05	2.529101e-03	1.006083	
-1 71.859296	1.653966e+01	1.424900e+01	1.154948e+01	5.838625e-01	1.501974e-01	7.358703e-01	1.254181e+00	7.454685e-05	2.529285e-03	1.006109	
-1 72.864322	1.673839e+01	1.442464e+01	1.168114e+01	5.838441e-01	1.502100e-01	7.359334e-01	1.271722e+00	7.454232e-05	2.529471e-03	1.006131	
-1 73.869347	1.692892e+01	1.459343e+01	1.180723e+01	5.838266e-01	1.502219e-01	7.359923e-01	1.289263e+00	7.453805e-05	2.529659e-03	1.006152	
-1 74.874372	1.711109e+01	1.475523e+01	1.192767e+01	5.838100e-01	1.502331e-01	7.360468e-01	1.306804e+00	7.453404e-05	2.529849e-03	1.006169	
-1 75.879397	1.728476e+01	1.490993e+01	1.204240e+01	5.837943e-01	1.502435e-01	7.360969e-01	1.324345e+00	7.453029e-05	2.530041e-03	1.006184	
-1 76.884422	1.744980e+01	1.505742e+01	1.215134e+01	5.837796e-01	1.502532e-01	7.361426e-01	1.341886e+00	7.452680e-05	2.530236e-03	1.006196	
-1 77.889447	1.760608e+01	1.519760e+01	1.225445e+01	5.837658e-01	1.502621e-01	7.361837e-01	1.359427e+00	7.452357e-05	2.530432e-03	1.006205	
-1 78.894472	1.775351e+01	1.533038e+01	1.235168e+01	5.837529e-01	1.502703e-01	7.362204e-01	1.376968e+00	7.452061e-05	2.530631e-03	1.006212	
-1 79.899497	1.789199e+01	1.545570e+01	1.244299e+01	5.837409e-01	1.502777e-01	7.362525e-01	1.394509e+00	7.451791e-05	2.530831e-03	1.006216	
-1 80.904523	1.802144e+01	1.557349e+01	1.252837e+01	5.837299e-01	1.502844e-01	7.362800e-01	1.412050e+00	7.451548e-05	2.531032e-03	1.006217	
-1 81.909548	1.814182e+01	1.568371e+01	1.260778e+01	5.837198e-01	1.502904e-01	7.363030e-01	1.429591e+00	7.451332e-05	2.531236e-03	1.006215	
-1 82.914573	1.825305e+01	1.578633e+01	1.268123e+01	5.837107e-01	1.502956e-01	7.363213e-01	1.447132e+00	7.451142e-05	2.531441e-03	1.006211	
-1 83.919598	1.835512e+01	1.588130e+01	1.274871e+01	5.837025e-01	1.503000e-01	7.363350e-01	1.464673e+00	7.450979e-05	2.531647e-03	1.006203	
-1 84.924623	1.844800e+01	1.596863e+01	1.281024e+01	5.836952e-01	1.503037e-01	7.363440e-01	1.482214e+00	7.450843e-05	2.531855e-03	1.006193	
-1 85.929648	1.853168e+01	1.604832e+01	1.286582e+01	5.836888e-01	1.503066e-01	7.363485e-01	1.499755e+00	7.450733e-05	2.532064e-03	1.006181	
-1 86.934673	1.860617e+01	1.612037e+01	1.291549e+01	5.836834e-01	1.503088e-01	7.363483e-01	1.517296e+00	7.450649e-05	2.532275e-03	1.006165	
-1 87.939698	1.867150e+01	1.618482e+01	1.295928e+01	5.836789e-01	1.503102e-01	7.363435e-01	1.534837e+00	7.450592e-05	2.532486e-03	1.006147	
-1 88.944724	1.872769e+01	1.624169e+01	1.299724e+01	5.836753e-01	1.503109e-01	7.363341e-01	1.552378e+00	7.450560e-05	2.532699e-03	1.006126	
-1 89.949749	1.877480e+01	1.629103e+01	1.302941e+01	5.836726e-01	1.503108e-01	7.363201e-01	1.569919e+00	7.450554e-05	2.532912e-03	1.006102	
-1 90.954774	1.881288e+01	1.633291e+01	1.305585e+01	5.836707e-01	1.503099e-01	7.363016e-01	1.587460e+00	7.450572e-05	2.533127e-03	1.006075	
-1 91.959799	1.884201e+01	1.636738e+01	1.307664e+01	5.836697e-01	1.503083e-01	7.362786e-01	1.605001e+00	7.450616e-05	2.533342e-03	1.006046	
-1 92.964824	1.886228e+01	1.639454e+01	1.309184e+01	5.836696e-01	1.503059e-01	7.362510e-01	1.622542e+00	7.450684e-05	2.533558e-03	1.006014	
-1 93.969849	1.887379e+01	1.641448e+01	1.310153e+01	5.836704e-01	1.503028e-01	7.362190e-01	1.640083e+00	7.450777e-05	2.533774e-03	1.005979	
-1 94.974874	1.887665e+01	1.642729e+01	1.310582e+01	5.836719e-01	1.502990e-01	7.361826e-01	1.657624e+00	7.450892e-05	2.533991e-03	1.005942	
-1 95.979899	1.887099e+01	1.643309e+01	1.310480e+01	5.836743e-01	1.502943e-01	7.361419e-01	1.675165e+00	7.451031e-05	2.534208e-03	1.005901	
-1 96.984925	1.885694e+01	1.643200e+01	1.309856e+01	5.836775e-01	1.502890e-01	7.360968e-01	1.692706e+00	7.451193e-05	2.534426e-03	1.005859	
-1 97.989950	1.883465e+01	1.642416e+01	1.308722e+01	5.836814e-01	1.502829e-01	7.360474e-01	1.710247e+00	7.451377e-05	2.534643e-03	1.005813	
-1 98.994975	1.880428e+01	1.640970e+01	1.307090e+01	5.836861e-01	1.502748e-01	7.360072e-01	1.727788e+00	7.451583e-05	2.534861e-03	1.005765	
1 100.000000	1.876600e+01	1.638877e+01	1.304973e+01	5.836915e-01	1.502671e-01	7.359504e-01	1.745329e+00	7.451809e-05	2.535079e-03	1.005714	
0 360.000004	2.524000e-03	7.500000e-05	1.877454e-13	5.857000e-01	1.480000e-01	7.260000e-01	7.646791e-08	7.500000e-05	2.524000e-03	1.000000	

# Fri Mar 10 15:09:53 2017
##### FINIS #####
