# This file was created by 'globes-accuracy 3.1.11' using GLoBES 3.2.13
# The command line was
# ../cdr_testsetup/myacc -A3 -X-190,10 -R200 -p0.5857,0.148,0.726,-1.570796,0.000075,0.002524 -E0.023,0.018,0.058,0.0,0.024,0.016 -F -d 0.02 -DNUTIME=0.0584112149533 -DNUBARTIME=0.0584112149533 dune_optimized_long_syst3pc.glb data/resdcp-90_optimized_long_syst3pc_no_exp5 
#
# Wed Jan 25 08:51:03 2017

------ solution #1 out of 2 ------
-1 -190.000000	1.232279e+00	1.218881e+00	1.154651e+00	5.856848e-01	1.482122e-01	7.319647e-01	-3.316126e+00	7.499146e-05	2.527255e-03	1.000487	
-1 -188.994975	1.196318e+00	1.183317e+00	1.120981e+00	5.856871e-01	1.482086e-01	7.318545e-01	-3.298585e+00	7.499209e-05	2.527258e-03	1.000478	
-1 -187.989950	1.160927e+00	1.148318e+00	1.087841e+00	5.856893e-01	1.482051e-01	7.317449e-01	-3.281044e+00	7.499269e-05	2.527260e-03	1.000468	
-1 -186.984925	1.126114e+00	1.113892e+00	1.055238e+00	5.856914e-01	1.482016e-01	7.316360e-01	-3.263503e+00	7.499328e-05	2.527261e-03	1.000458	
-1 -185.979899	1.091887e+00	1.080046e+00	1.023179e+00	5.856935e-01	1.481981e-01	7.315278e-01	-3.245962e+00	7.499384e-05	2.527261e-03	1.000448	
-1 -184.974874	1.058251e+00	1.046786e+00	9.916718e-01	5.856954e-01	1.481947e-01	7.314204e-01	-3.228421e+00	7.499439e-05	2.527259e-03	1.000438	
-1 -183.969849	1.025213e+00	1.014119e+00	9.607215e-01	5.856973e-01	1.481912e-01	7.313137e-01	-3.210880e+00	7.499491e-05	2.527257e-03	1.000429	
-1 -182.964824	9.927795e-01	9.820500e-01	9.303336e-01	5.856992e-01	1.481877e-01	7.312078e-01	-3.193339e+00	7.499542e-05	2.527254e-03	1.000419	
-1 -181.959799	9.609540e-01	9.505834e-01	9.005128e-01	5.857009e-01	1.481842e-01	7.311026e-01	-3.175798e+00	7.499590e-05	2.527250e-03	1.000410	
-1 -180.954774	9.297410e-01	9.197234e-01	8.712633e-01	5.857026e-01	1.481808e-01	7.309983e-01	-3.158257e+00	7.499636e-05	2.527244e-03	1.000400	
-1 -179.949749	8.991440e-01	8.894733e-01	8.425886e-01	5.857042e-01	1.481774e-01	7.308948e-01	-3.140716e+00	7.499681e-05	2.527238e-03	1.000391	
-1 -178.944724	8.691660e-01	8.598360e-01	8.144915e-01	5.857057e-01	1.481739e-01	7.307922e-01	-3.123175e+00	7.499723e-05	2.527231e-03	1.000381	
-1 -177.939698	8.398091e-01	8.308135e-01	7.869746e-01	5.857071e-01	1.481705e-01	7.306905e-01	-3.105634e+00	7.499763e-05	2.527223e-03	1.000372	
-1 -176.934673	8.110751e-01	8.024075e-01	7.600395e-01	5.857085e-01	1.481671e-01	7.305896e-01	-3.088093e+00	7.499801e-05	2.527214e-03	1.000363	
-1 -175.929648	7.829650e-01	7.746189e-01	7.336874e-01	5.857098e-01	1.481637e-01	7.304897e-01	-3.070552e+00	7.499838e-05	2.527204e-03	1.000354	
-1 -174.924623	7.554793e-01	7.474481e-01	7.079191e-01	5.857110e-01	1.481604e-01	7.303907e-01	-3.053011e+00	7.499872e-05	2.527193e-03	1.000345	
-1 -173.919598	7.286179e-01	7.208950e-01	6.827346e-01	5.857121e-01	1.481570e-01	7.302926e-01	-3.035470e+00	7.499904e-05	2.527181e-03	1.000336	
-1 -172.914573	7.023801e-01	6.949589e-01	6.581336e-01	5.857132e-01	1.481537e-01	7.301955e-01	-3.017929e+00	7.499935e-05	2.527168e-03	1.000327	
-1 -171.909548	6.767647e-01	6.696384e-01	6.341151e-01	5.857142e-01	1.481504e-01	7.300994e-01	-3.000388e+00	7.499963e-05	2.527154e-03	1.000318	
-1 -170.904523	6.517701e-01	6.449318e-01	6.106777e-01	5.857152e-01	1.481471e-01	7.300042e-01	-2.982847e+00	7.499990e-05	2.527140e-03	1.000309	
-1 -169.899497	6.273938e-01	6.208369e-01	5.878194e-01	5.857160e-01	1.481438e-01	7.299101e-01	-2.965306e+00	7.500015e-05	2.527124e-03	1.000301	
-1 -168.894472	6.036332e-01	5.973507e-01	5.655378e-01	5.857168e-01	1.481406e-01	7.298169e-01	-2.947765e+00	7.500038e-05	2.527108e-03	1.000292	
-1 -167.889447	5.804850e-01	5.744700e-01	5.438299e-01	5.857176e-01	1.481374e-01	7.297248e-01	-2.930224e+00	7.500060e-05	2.527091e-03	1.000284	
-1 -166.884422	5.579454e-01	5.521909e-01	5.226926e-01	5.857182e-01	1.481342e-01	7.296337e-01	-2.912683e+00	7.500079e-05	2.527073e-03	1.000275	
-1 -165.879397	5.360101e-01	5.305094e-01	5.021218e-01	5.857188e-01	1.481310e-01	7.295436e-01	-2.895142e+00	7.500097e-05	2.527054e-03	1.000267	
-1 -164.874372	5.146746e-01	5.094207e-01	4.821134e-01	5.857194e-01	1.481278e-01	7.294547e-01	-2.877601e+00	7.500114e-05	2.527034e-03	1.000259	
-1 -163.869347	4.939337e-01	4.889197e-01	4.626627e-01	5.857198e-01	1.481247e-01	7.293667e-01	-2.860060e+00	7.500129e-05	2.527014e-03	1.000251	
-1 -162.864322	4.737819e-01	4.690009e-01	4.437647e-01	5.857203e-01	1.481216e-01	7.292798e-01	-2.842519e+00	7.500142e-05	2.526993e-03	1.000243	
-1 -161.859296	4.542132e-01	4.496583e-01	4.254138e-01	5.857206e-01	1.481185e-01	7.291941e-01	-2.824978e+00	7.500153e-05	2.526970e-03	1.000235	
-1 -160.854271	4.352213e-01	4.308857e-01	4.076043e-01	5.857209e-01	1.481155e-01	7.291094e-01	-2.807437e+00	7.500163e-05	2.526948e-03	1.000227	
-1 -159.849246	4.167995e-01	4.126763e-01	3.903299e-01	5.857212e-01	1.481124e-01	7.290257e-01	-2.789896e+00	7.500172e-05	2.526924e-03	1.000220	
-1 -158.844221	3.989407e-01	3.950232e-01	3.735842e-01	5.857214e-01	1.481095e-01	7.289432e-01	-2.772355e+00	7.500179e-05	2.526900e-03	1.000212	
-1 -157.839196	3.816375e-01	3.779190e-01	3.573601e-01	5.857215e-01	1.481065e-01	7.288618e-01	-2.754814e+00	7.500185e-05	2.526874e-03	1.000205	
-1 -156.834171	3.648822e-01	3.613560e-01	3.416506e-01	5.857216e-01	1.481036e-01	7.287815e-01	-2.737273e+00	7.500190e-05	2.526849e-03	1.000197	
-1 -155.829146	3.486668e-01	3.453262e-01	3.264481e-01	5.857217e-01	1.481007e-01	7.287023e-01	-2.719732e+00	7.500193e-05	2.526822e-03	1.000190	
-1 -154.824121	3.329828e-01	3.298214e-01	3.117449e-01	5.857217e-01	1.480978e-01	7.286243e-01	-2.702191e+00	7.500196e-05	2.526795e-03	1.000183	
-1 -153.819095	3.178218e-01	3.148330e-01	2.975330e-01	5.857216e-01	1.480950e-01	7.285473e-01	-2.684650e+00	7.500197e-05	2.526766e-03	1.000176	
-1 -152.814070	3.031747e-01	3.003522e-01	2.838039e-01	5.857215e-01	1.480922e-01	7.284715e-01	-2.667109e+00	7.500196e-05	2.526738e-03	1.000169	
-1 -151.809045	2.890326e-01	2.863700e-01	2.705493e-01	5.857214e-01	1.480894e-01	7.283968e-01	-2.649568e+00	7.500195e-05	2.526708e-03	1.000162	
-1 -150.804020	2.753860e-01	2.728772e-01	2.577604e-01	5.857212e-01	1.480867e-01	7.283233e-01	-2.632027e+00	7.500193e-05	2.526678e-03	1.000156	
-1 -149.798995	2.622255e-01	2.598642e-01	2.454281e-01	5.857210e-01	1.480840e-01	7.282508e-01	-2.614486e+00	7.500190e-05	2.526647e-03	1.000149	
-1 -148.793970	2.495413e-01	2.473215e-01	2.335434e-01	5.857208e-01	1.480813e-01	7.281796e-01	-2.596945e+00	7.500186e-05	2.526616e-03	1.000143	
-1 -147.788945	2.373234e-01	2.352393e-01	2.220971e-01	5.857205e-01	1.480787e-01	7.281094e-01	-2.579404e+00	7.500181e-05	2.526584e-03	1.000137	
-1 -146.783920	2.255619e-01	2.236076e-01	2.110795e-01	5.857202e-01	1.480761e-01	7.280404e-01	-2.561863e+00	7.500175e-05	2.526551e-03	1.000131	
-1 -145.778894	2.142465e-01	2.124163e-01	2.004811e-01	5.857199e-01	1.480735e-01	7.279726e-01	-2.544322e+00	7.500169e-05	2.526518e-03	1.000125	
-1 -144.773869	2.033669e-01	2.016552e-01	1.902923e-01	5.857195e-01	1.480710e-01	7.279059e-01	-2.526781e+00	7.500162e-05	2.526484e-03	1.000119	
-1 -143.768844	1.929127e-01	1.913139e-01	1.805031e-01	5.857191e-01	1.480685e-01	7.278403e-01	-2.509240e+00	7.500154e-05	2.526449e-03	1.000113	
-1 -142.763819	1.828734e-01	1.813822e-01	1.711037e-01	5.857187e-01	1.480661e-01	7.277759e-01	-2.491699e+00	7.500146e-05	2.526414e-03	1.000107	
-1 -141.758794	1.732383e-01	1.718496e-01	1.620841e-01	5.857182e-01	1.480637e-01	7.277126e-01	-2.474158e+00	7.500137e-05	2.526378e-03	1.000102	
-1 -140.753769	1.639969e-01	1.627055e-01	1.534342e-01	5.857177e-01	1.480613e-01	7.276505e-01	-2.456617e+00	7.500127e-05	2.526342e-03	1.000097	
-1 -139.748744	1.551384e-01	1.539394e-01	1.451441e-01	5.857173e-01	1.480590e-01	7.275896e-01	-2.439076e+00	7.500117e-05	2.526305e-03	1.000091	
-1 -138.743719	1.466522e-01	1.455407e-01	1.372035e-01	5.857168e-01	1.480567e-01	7.275298e-01	-2.421535e+00	7.500107e-05	2.526268e-03	1.000086	
-1 -137.738693	1.385276e-01	1.374989e-01	1.296024e-01	5.857162e-01	1.480544e-01	7.274711e-01	-2.403994e+00	7.500096e-05	2.526230e-03	1.000081	
-1 -136.733668	1.307538e-01	1.298033e-01	1.223307e-01	5.857157e-01	1.480522e-01	7.274136e-01	-2.386453e+00	7.500086e-05	2.526191e-03	1.000077	
-1 -135.728643	1.233203e-01	1.224436e-01	1.153783e-01	5.857151e-01	1.480500e-01	7.273572e-01	-2.368912e+00	7.500075e-05	2.526152e-03	1.000072	
-1 -134.723618	1.162163e-01	1.154093e-01	1.087351e-01	5.857146e-01	1.480479e-01	7.273020e-01	-2.351371e+00	7.500063e-05	2.526113e-03	1.000067	
-1 -133.718593	1.094315e-01	1.086898e-01	1.023913e-01	5.857140e-01	1.480458e-01	7.272479e-01	-2.333830e+00	7.500052e-05	2.526073e-03	1.000063	
-1 -132.713568	1.029551e-01	1.022749e-01	9.633685e-02	5.857134e-01	1.480438e-01	7.271950e-01	-2.316289e+00	7.500040e-05	2.526032e-03	1.000059	
-1 -131.708543	9.677696e-02	9.615427e-02	9.056196e-02	5.857129e-01	1.480418e-01	7.271432e-01	-2.298748e+00	7.500029e-05	2.525991e-03	1.000054	
-1 -130.703518	9.088668e-02	9.031786e-02	8.505690e-02	5.857123e-01	1.480399e-01	7.270926e-01	-2.281207e+00	7.500017e-05	2.525950e-03	1.000050	
-1 -129.698492	8.527411e-02	8.475561e-02	7.981205e-02	5.857117e-01	1.480379e-01	7.270431e-01	-2.263666e+00	7.500006e-05	2.525908e-03	1.000047	
-1 -128.693467	7.992922e-02	7.945762e-02	7.481793e-02	5.857111e-01	1.480361e-01	7.269948e-01	-2.246125e+00	7.499995e-05	2.525865e-03	1.000043	
-1 -127.688442	7.484214e-02	7.441416e-02	7.006519e-02	5.857105e-01	1.480343e-01	7.269476e-01	-2.228584e+00	7.499984e-05	2.525822e-03	1.000039	
-1 -126.683417	7.000313e-02	6.961566e-02	6.554464e-02	5.857099e-01	1.480325e-01	7.269016e-01	-2.211043e+00	7.499973e-05	2.525779e-03	1.000036	
-1 -125.678392	6.540266e-02	6.505272e-02	6.124725e-02	5.857093e-01	1.480307e-01	7.268566e-01	-2.193502e+00	7.499962e-05	2.525735e-03	1.000032	
-1 -124.673367	6.103137e-02	6.071611e-02	5.716419e-02	5.857088e-01	1.480290e-01	7.268129e-01	-2.175961e+00	7.499952e-05	2.525691e-03	1.000029	
-1 -123.668342	5.688011e-02	5.659684e-02	5.328679e-02	5.857082e-01	1.480274e-01	7.267702e-01	-2.158420e+00	7.499941e-05	2.525647e-03	1.000026	
-1 -122.663317	5.293995e-02	5.268610e-02	4.960661e-02	5.857076e-01	1.480258e-01	7.267288e-01	-2.140879e+00	7.499932e-05	2.525602e-03	1.000023	
-1 -121.658291	4.920217e-02	4.897532e-02	4.611543e-02	5.857071e-01	1.480243e-01	7.266884e-01	-2.123338e+00	7.499922e-05	2.525557e-03	1.000020	
-1 -120.653266	4.565831e-02	4.545617e-02	4.280526e-02	5.857065e-01	1.480227e-01	7.266492e-01	-2.105797e+00	7.499914e-05	2.525511e-03	1.000018	
-1 -119.648241	4.230015e-02	4.212056e-02	3.966833e-02	5.857060e-01	1.480213e-01	7.266111e-01	-2.088256e+00	7.499905e-05	2.525465e-03	1.000015	
-1 -118.643216	3.911974e-02	3.896067e-02	3.669714e-02	5.857055e-01	1.480199e-01	7.265742e-01	-2.070715e+00	7.499898e-05	2.525419e-03	1.000013	
-1 -117.638191	3.610940e-02	3.596895e-02	3.388444e-02	5.857050e-01	1.480185e-01	7.265384e-01	-2.053174e+00	7.499890e-05	2.525372e-03	1.000011	
-1 -116.633166	3.326172e-02	3.313813e-02	3.122328e-02	5.857045e-01	1.480172e-01	7.265037e-01	-2.035633e+00	7.499884e-05	2.525325e-03	1.000008	
-1 -115.628141	3.056961e-02	3.046121e-02	2.870696e-02	5.857040e-01	1.480159e-01	7.264702e-01	-2.018092e+00	7.499878e-05	2.525278e-03	1.000006	
-1 -114.623116	2.802627e-02	2.793153e-02	2.632908e-02	5.857036e-01	1.480147e-01	7.264378e-01	-2.000551e+00	7.499872e-05	2.525230e-03	1.000005	
-1 -113.618090	2.562521e-02	2.554270e-02	2.408356e-02	5.857032e-01	1.480135e-01	7.264065e-01	-1.983010e+00	7.499868e-05	2.525183e-03	1.000003	
-1 -112.613065	2.336027e-02	2.328868e-02	2.196460e-02	5.857028e-01	1.480124e-01	7.263764e-01	-1.965469e+00	7.499864e-05	2.525134e-03	1.000001	
-1 -111.608040	2.122561e-02	2.116373e-02	1.996674e-02	5.857024e-01	1.480113e-01	7.263474e-01	-1.947928e+00	7.499860e-05	2.525086e-03	1.000000	
-1 -110.603015	1.921574e-02	1.916247e-02	1.808485e-02	5.857020e-01	1.480103e-01	7.263196e-01	-1.930387e+00	7.499858e-05	2.525037e-03	0.999999	
-1 -109.597990	1.732551e-02	1.727983e-02	1.631410e-02	5.857016e-01	1.480093e-01	7.262928e-01	-1.912846e+00	7.499856e-05	2.524988e-03	0.999997	
-1 -108.592965	1.555012e-02	1.551113e-02	1.465003e-02	5.857013e-01	1.480084e-01	7.262672e-01	-1.895305e+00	7.499855e-05	2.524939e-03	0.999996	
-1 -107.587940	1.388513e-02	1.385199e-02	1.308852e-02	5.857010e-01	1.480075e-01	7.262428e-01	-1.877764e+00	7.499855e-05	2.524890e-03	0.999995	
-1 -106.582915	1.232648e-02	1.229845e-02	1.162580e-02	5.857007e-01	1.480066e-01	7.262195e-01	-1.860223e+00	7.499856e-05	2.524840e-03	0.999995	
-1 -105.577889	1.087045e-02	1.084687e-02	1.025845e-02	5.857005e-01	1.480058e-01	7.261973e-01	-1.842682e+00	7.499858e-05	2.524791e-03	0.999994	
-1 -104.572864	9.513733e-03	9.493999e-03	8.983425e-03	5.857003e-01	1.480051e-01	7.261762e-01	-1.825141e+00	7.499860e-05	2.524741e-03	0.999993	
-1 -103.567839	8.253377e-03	8.236968e-03	7.798037e-03	5.857001e-01	1.480044e-01	7.261563e-01	-1.807600e+00	7.499864e-05	2.524690e-03	0.999993	
-1 -102.562814	7.086824e-03	7.073279e-03	6.699976e-03	5.856999e-01	1.480038e-01	7.261376e-01	-1.790059e+00	7.499868e-05	2.524640e-03	0.999993	
-1 -101.557789	6.011907e-03	6.000821e-03	5.687303e-03	5.856997e-01	1.480032e-01	7.261200e-01	-1.772518e+00	7.499873e-05	2.524589e-03	0.999993	
-1 -100.552764	5.026848e-03	5.017867e-03	4.758460e-03	5.856996e-01	1.480026e-01	7.261035e-01	-1.754977e+00	7.499880e-05	2.524539e-03	0.999993	
-1 -99.547739	4.130266e-03	4.123084e-03	3.912266e-03	5.856995e-01	1.480022e-01	7.260881e-01	-1.737436e+00	7.499887e-05	2.524488e-03	0.999993	
-1 -98.542714	3.321176e-03	3.315527e-03	3.147927e-03	5.856995e-01	1.480017e-01	7.260740e-01	-1.719895e+00	7.499895e-05	2.524437e-03	0.999993	
-1 -97.537688	2.598993e-03	2.594647e-03	2.465030e-03	5.856994e-01	1.480013e-01	7.260609e-01	-1.702354e+00	7.499904e-05	2.524386e-03	0.999993	
-1 -96.532663	1.963534e-03	1.960287e-03	1.863549e-03	5.856994e-01	1.480010e-01	7.260490e-01	-1.684813e+00	7.499913e-05	2.524335e-03	0.999994	
-1 -95.527638	1.415015e-03	1.412687e-03	1.343845e-03	5.856994e-01	1.480007e-01	7.260383e-01	-1.667272e+00	7.499924e-05	2.524283e-03	0.999994	
-1 -94.522613	9.540545e-04	9.524847e-04	9.066654e-04	5.856995e-01	1.480005e-01	7.260287e-01	-1.649731e+00	7.499936e-05	2.524232e-03	0.999995	
-1 -93.517588	5.816724e-04	5.807097e-04	5.531425e-04	5.856996e-01	1.480003e-01	7.260204e-01	-1.632190e+00	7.499949e-05	2.524181e-03	0.999996	
-1 -92.512563	2.992893e-04	2.987884e-04	2.847954e-04	5.856996e-01	1.480001e-01	7.260131e-01	-1.614649e+00	7.499962e-05	2.524129e-03	0.999997	
-1 -91.507538	1.087253e-04	1.085404e-04	1.035269e-04	5.856998e-01	1.480000e-01	7.260070e-01	-1.597108e+00	7.499977e-05	2.524077e-03	0.999998	
-1 -90.502513	1.219831e-05	1.217712e-05	1.162252e-05	5.856999e-01	1.480000e-01	7.260020e-01	-1.579567e+00	7.499992e-05	2.524026e-03	0.999999	
0 -89.999983	2.524000e-03	7.500000e-05	-1.117769e-14	5.857000e-01	1.480000e-01	7.260000e-01	-1.570796e+00	7.500000e-05	2.524000e-03	1.000000	
1 -89.497487	1.232176e-05	1.229982e-05	1.174758e-05	5.857001e-01	1.480000e-01	7.259983e-01	-1.562026e+00	7.500008e-05	2.523974e-03	1.000001	
1 -88.492462	1.121021e-04	1.118967e-04	1.069450e-04	5.857003e-01	1.480001e-01	7.259957e-01	-1.544485e+00	7.500025e-05	2.523922e-03	1.000002	
1 -87.487437	3.149353e-04	3.143398e-04	3.006317e-04	5.857005e-01	1.480002e-01	7.259942e-01	-1.526944e+00	7.500043e-05	2.523871e-03	1.000004	
1 -86.482412	6.246038e-04	6.233816e-04	5.965951e-04	5.857008e-01	1.480004e-01	7.259940e-01	-1.509403e+00	7.500062e-05	2.523819e-03	1.000005	
1 -85.477387	1.045272e-03	1.043151e-03	9.989889e-04	5.857010e-01	1.480006e-01	7.259950e-01	-1.491862e+00	7.500082e-05	2.523767e-03	1.000007	
1 -84.472362	1.581480e-03	1.578147e-03	1.512328e-03	5.857013e-01	1.480008e-01	7.259972e-01	-1.474321e+00	7.500102e-05	2.523716e-03	1.000009	
1 -83.467337	2.238143e-03	2.233237e-03	2.141484e-03	5.857016e-01	1.480011e-01	7.260006e-01	-1.456780e+00	7.500123e-05	2.523664e-03	1.000011	
1 -82.462312	3.020540e-03	3.013650e-03	2.891679e-03	5.857020e-01	1.480015e-01	7.260052e-01	-1.439239e+00	7.500145e-05	2.523612e-03	1.000014	
1 -81.457286	3.934311e-03	3.924966e-03	3.768480e-03	5.857023e-01	1.480019e-01	7.260110e-01	-1.421698e+00	7.500168e-05	2.523561e-03	1.000016	
1 -80.452261	4.985452e-03	4.973119e-03	4.777791e-03	5.857027e-01	1.480024e-01	7.260180e-01	-1.404157e+00	7.500191e-05	2.523509e-03	1.000018	
1 -79.447236	6.180304e-03	6.164381e-03	5.925848e-03	5.857031e-01	1.480029e-01	7.260262e-01	-1.386616e+00	7.500215e-05	2.523458e-03	1.000021	
1 -78.442211	7.525548e-03	7.505360e-03	7.219211e-03	5.857035e-01	1.480035e-01	7.260356e-01	-1.369075e+00	7.500240e-05	2.523407e-03	1.000023	
1 -77.437186	9.028195e-03	9.002990e-03	8.664753e-03	5.857039e-01	1.480041e-01	7.260463e-01	-1.351534e+00	7.500265e-05	2.523355e-03	1.000026	
1 -76.432161	1.069558e-02	1.066452e-02	1.026966e-02	5.857044e-01	1.480048e-01	7.260582e-01	-1.333993e+00	7.500291e-05	2.523304e-03	1.000029	
1 -75.427136	1.253536e-02	1.249752e-02	1.204140e-02	5.857048e-01	1.480055e-01	7.260713e-01	-1.316452e+00	7.500318e-05	2.523253e-03	1.000032	
1 -74.422111	1.455548e-02	1.450985e-02	1.398776e-02	5.857053e-01	1.480063e-01	7.260856e-01	-1.298911e+00	7.500345e-05	2.523202e-03	1.000035	
1 -73.417085	1.676420e-02	1.670966e-02	1.611677e-02	5.857058e-01	1.480071e-01	7.261012e-01	-1.281370e+00	7.500372e-05	2.523152e-03	1.000038	
1 -72.412060	1.917005e-02	1.910538e-02	1.843677e-02	5.857062e-01	1.480080e-01	7.261180e-01	-1.263829e+00	7.500400e-05	2.523101e-03	1.000042	
1 -71.407035	2.178184e-02	2.170573e-02	2.095631e-02	5.857067e-01	1.480089e-01	7.261361e-01	-1.246288e+00	7.500428e-05	2.523051e-03	1.000045	
1 -70.402010	2.460865e-02	2.451967e-02	2.368424e-02	5.857072e-01	1.480099e-01	7.261555e-01	-1.228747e+00	7.500456e-05	2.523000e-03	1.000049	
1 -69.396985	2.765981e-02	2.755642e-02	2.662960e-02	5.857078e-01	1.480109e-01	7.261761e-01	-1.211206e+00	7.500485e-05	2.522950e-03	1.000052	
1 -68.391960	3.094487e-02	3.082542e-02	2.980169e-02	5.857083e-01	1.480119e-01	7.261980e-01	-1.193665e+00	7.500514e-05	2.522900e-03	1.000056	
1 -67.386935	3.447365e-02	3.433635e-02	3.321001e-02	5.857088e-01	1.480131e-01	7.262212e-01	-1.176124e+00	7.500543e-05	2.522851e-03	1.000060	
1 -66.381910	3.825615e-02	3.809911e-02	3.686424e-02	5.857093e-01	1.480142e-01	7.262456e-01	-1.158583e+00	7.500573e-05	2.522801e-03	1.000064	
1 -65.376884	4.230259e-02	4.212379e-02	4.077429e-02	5.857098e-01	1.480155e-01	7.262714e-01	-1.141042e+00	7.500602e-05	2.522752e-03	1.000068	
1 -64.371859	4.662338e-02	4.642067e-02	4.495021e-02	5.857103e-01	1.480167e-01	7.262984e-01	-1.123501e+00	7.500632e-05	2.522703e-03	1.000072	
1 -63.366834	5.122910e-02	5.100020e-02	4.940222e-02	5.857108e-01	1.480180e-01	7.263268e-01	-1.105960e+00	7.500661e-05	2.522654e-03	1.000076	
1 -62.361809	5.613050e-02	5.587300e-02	5.414070e-02	5.857113e-01	1.480194e-01	7.263564e-01	-1.088419e+00	7.500691e-05	2.522605e-03	1.000080	
1 -61.356784	6.133846e-02	6.104982e-02	5.917613e-02	5.857118e-01	1.480208e-01	7.263874e-01	-1.070878e+00	7.500720e-05	2.522557e-03	1.000085	
1 -60.351759	6.686403e-02	6.654156e-02	6.451915e-02	5.857123e-01	1.480223e-01	7.264197e-01	-1.053337e+00	7.500749e-05	2.522509e-03	1.000089	
1 -59.346734	7.271835e-02	7.235923e-02	7.018048e-02	5.857128e-01	1.480238e-01	7.264533e-01	-1.035796e+00	7.500779e-05	2.522461e-03	1.000094	
1 -58.341709	7.891266e-02	7.851395e-02	7.617092e-02	5.857132e-01	1.480254e-01	7.264882e-01	-1.018255e+00	7.500807e-05	2.522414e-03	1.000099	
1 -57.336683	8.545832e-02	8.501691e-02	8.250137e-02	5.857137e-01	1.480270e-01	7.265245e-01	-1.000714e+00	7.500836e-05	2.522367e-03	1.000104	
1 -56.331658	9.236672e-02	9.187938e-02	8.918276e-02	5.857141e-01	1.480286e-01	7.265621e-01	-9.831729e-01	7.500864e-05	2.522320e-03	1.000109	
1 -55.326633	9.964935e-02	9.911270e-02	9.622609e-02	5.857145e-01	1.480303e-01	7.266010e-01	-9.656319e-01	7.500892e-05	2.522274e-03	1.000114	
1 -54.321608	1.073177e-01	1.067282e-01	1.036423e-01	5.857149e-01	1.480321e-01	7.266414e-01	-9.480909e-01	7.500919e-05	2.522228e-03	1.000119	
1 -53.316583	1.153833e-01	1.147374e-01	1.114426e-01	5.857153e-01	1.480339e-01	7.266830e-01	-9.305499e-01	7.500945e-05	2.522182e-03	1.000124	
1 -52.311558	1.238577e-01	1.231515e-01	1.196377e-01	5.857156e-01	1.480357e-01	7.267261e-01	-9.130089e-01	7.500971e-05	2.522136e-03	1.000129	
1 -51.306533	1.327525e-01	1.319820e-01	1.282389e-01	5.857159e-01	1.480376e-01	7.267705e-01	-8.954679e-01	7.500997e-05	2.522091e-03	1.000135	
1 -50.301508	1.420790e-01	1.412403e-01	1.372569e-01	5.857162e-01	1.480395e-01	7.268162e-01	-8.779269e-01	7.501021e-05	2.522047e-03	1.000140	
1 -49.296482	1.518489e-01	1.509377e-01	1.467027e-01	5.857165e-01	1.480415e-01	7.268634e-01	-8.603859e-01	7.501045e-05	2.522002e-03	1.000146	
1 -48.291457	1.620734e-01	1.610854e-01	1.565871e-01	5.857167e-01	1.480435e-01	7.269119e-01	-8.428449e-01	7.501068e-05	2.521959e-03	1.000151	
1 -47.286432	1.727639e-01	1.716945e-01	1.669208e-01	5.857169e-01	1.480456e-01	7.269619e-01	-8.253039e-01	7.501090e-05	2.521915e-03	1.000157	
1 -46.281407	1.839316e-01	1.827763e-01	1.777144e-01	5.857170e-01	1.480477e-01	7.270132e-01	-8.077629e-01	7.501111e-05	2.521872e-03	1.000163	
1 -45.276382	1.955875e-01	1.943416e-01	1.889783e-01	5.857171e-01	1.480499e-01	7.270659e-01	-7.902219e-01	7.501131e-05	2.521829e-03	1.000169	
1 -44.271357	2.077428e-01	2.064013e-01	2.007230e-01	5.857172e-01	1.480521e-01	7.271200e-01	-7.726809e-01	7.501150e-05	2.521787e-03	1.000175	
1 -43.266332	2.204081e-01	2.189660e-01	2.129585e-01	5.857172e-01	1.480543e-01	7.271755e-01	-7.551399e-01	7.501168e-05	2.521746e-03	1.000181	
1 -42.261307	2.335940e-01	2.320463e-01	2.256948e-01	5.857172e-01	1.480566e-01	7.272325e-01	-7.375989e-01	7.501185e-05	2.521704e-03	1.000187	
1 -41.256281	2.473111e-01	2.456525e-01	2.389418e-01	5.857172e-01	1.480590e-01	7.272908e-01	-7.200579e-01	7.501200e-05	2.521664e-03	1.000194	
1 -40.251256	2.615696e-01	2.597947e-01	2.527088e-01	5.857171e-01	1.480613e-01	7.273506e-01	-7.025170e-01	7.501214e-05	2.521624e-03	1.000200	
1 -39.246231	2.763794e-01	2.744828e-01	2.670054e-01	5.857169e-01	1.480638e-01	7.274117e-01	-6.849760e-01	7.501227e-05	2.521584e-03	1.000207	
1 -38.241206	2.917503e-01	2.897264e-01	2.818404e-01	5.857167e-01	1.480662e-01	7.274743e-01	-6.674350e-01	7.501238e-05	2.521545e-03	1.000213	
1 -37.236181	3.076918e-01	3.055349e-01	2.972227e-01	5.857164e-01	1.480687e-01	7.275383e-01	-6.498940e-01	7.501248e-05	2.521506e-03	1.000220	
1 -36.231156	3.242131e-01	3.219174e-01	3.131608e-01	5.857161e-01	1.480713e-01	7.276037e-01	-6.323530e-01	7.501256e-05	2.521468e-03	1.000226	
1 -35.226131	3.413231e-01	3.388828e-01	3.296629e-01	5.857157e-01	1.480739e-01	7.276706e-01	-6.148120e-01	7.501262e-05	2.521430e-03	1.000233	
1 -34.221106	3.590303e-01	3.564394e-01	3.467367e-01	5.857153e-01	1.480765e-01	7.277388e-01	-5.972710e-01	7.501267e-05	2.521393e-03	1.000240	
1 -33.216080	3.773431e-01	3.745954e-01	3.643897e-01	5.857148e-01	1.480791e-01	7.278085e-01	-5.797300e-01	7.501270e-05	2.521357e-03	1.000247	
1 -32.211055	3.962692e-01	3.933587e-01	3.826291e-01	5.857142e-01	1.480818e-01	7.278796e-01	-5.621890e-01	7.501271e-05	2.521321e-03	1.000254	
1 -31.206030	4.158161e-01	4.127366e-01	4.014617e-01	5.857136e-01	1.480846e-01	7.279522e-01	-5.446480e-01	7.501271e-05	2.521286e-03	1.000261	
1 -30.201005	4.359909e-01	4.327361e-01	4.208936e-01	5.857129e-01	1.480874e-01	7.280261e-01	-5.271070e-01	7.501268e-05	2.521251e-03	1.000268	
1 -29.195980	4.568003e-01	4.533638e-01	4.409309e-01	5.857122e-01	1.480902e-01	7.281015e-01	-5.095660e-01	7.501264e-05	2.521217e-03	1.000275	
1 -28.190955	4.782506e-01	4.746259e-01	4.615790e-01	5.857114e-01	1.480930e-01	7.281782e-01	-4.920250e-01	7.501257e-05	2.521183e-03	1.000283	
1 -27.185930	5.003474e-01	4.965281e-01	4.828429e-01	5.857105e-01	1.480959e-01	7.282564e-01	-4.744840e-01	7.501249e-05	2.521151e-03	1.000290	
1 -26.180905	5.230961e-01	5.190757e-01	5.047272e-01	5.857095e-01	1.480988e-01	7.283360e-01	-4.569430e-01	7.501238e-05	2.521119e-03	1.000298	
1 -25.175879	5.465015e-01	5.422735e-01	5.272358e-01	5.857085e-01	1.481018e-01	7.284170e-01	-4.394020e-01	7.501226e-05	2.521087e-03	1.000305	
1 -24.170854	5.705679e-01	5.661256e-01	5.503724e-01	5.857074e-01	1.481048e-01	7.284995e-01	-4.218610e-01	7.501211e-05	2.521056e-03	1.000313	
1 -23.165829	5.952990e-01	5.906358e-01	5.741399e-01	5.857062e-01	1.481078e-01	7.285833e-01	-4.043200e-01	7.501194e-05	2.521026e-03	1.000320	
1 -22.160804	6.206982e-01	6.158074e-01	5.985408e-01	5.857049e-01	1.481108e-01	7.286684e-01	-3.867790e-01	7.501174e-05	2.520997e-03	1.000328	
1 -21.155779	6.467680e-01	6.416430e-01	6.235770e-01	5.857036e-01	1.481139e-01	7.287550e-01	-3.692380e-01	7.501153e-05	2.520968e-03	1.000336	
1 -20.150754	6.735105e-01	6.681447e-01	6.492498e-01	5.857022e-01	1.481170e-01	7.288430e-01	-3.516970e-01	7.501129e-05	2.520940e-03	1.000344	
1 -19.145729	7.009273e-01	6.953139e-01	6.755601e-01	5.857007e-01	1.481202e-01	7.289323e-01	-3.341560e-01	7.501102e-05	2.520913e-03	1.000352	
1 -18.140704	7.290192e-01	7.231516e-01	7.025079e-01	5.856991e-01	1.481234e-01	7.290230e-01	-3.166150e-01	7.501074e-05	2.520887e-03	1.000360	
1 -17.135678	7.577865e-01	7.516580e-01	7.300928e-01	5.856974e-01	1.481266e-01	7.291150e-01	-2.990740e-01	7.501042e-05	2.520861e-03	1.000368	
1 -16.130653	7.872288e-01	7.808328e-01	7.583138e-01	5.856957e-01	1.481298e-01	7.292083e-01	-2.815330e-01	7.501009e-05	2.520836e-03	1.000376	
1 -15.125628	8.173451e-01	8.106749e-01	7.871690e-01	5.856939e-01	1.481331e-01	7.293030e-01	-2.639920e-01	7.500973e-05	2.520812e-03	1.000384	
1 -14.120603	8.481337e-01	8.411826e-01	8.166560e-01	5.856920e-01	1.481363e-01	7.293990e-01	-2.464510e-01	7.500934e-05	2.520788e-03	1.000392	
1 -13.115578	8.795921e-01	8.723538e-01	8.467719e-01	5.856900e-01	1.481397e-01	7.294963e-01	-2.289100e-01	7.500893e-05	2.520766e-03	1.000401	
1 -12.110553	9.117173e-01	9.041852e-01	8.775130e-01	5.856879e-01	1.481430e-01	7.295949e-01	-2.113690e-01	7.500849e-05	2.520744e-03	1.000409	
1 -11.105528	9.445056e-01	9.366731e-01	9.088746e-01	5.856858e-01	1.481464e-01	7.296948e-01	-1.938280e-01	7.500802e-05	2.520723e-03	1.000417	
1 -10.100503	9.779523e-01	9.698132e-01	9.408519e-01	5.856836e-01	1.481497e-01	7.297959e-01	-1.762870e-01	7.500753e-05	2.520703e-03	1.000426	
1 -9.095477	1.012052e+00	1.003600e+00	9.734389e-01	5.856812e-01	1.481531e-01	7.298983e-01	-1.587460e-01	7.500702e-05	2.520684e-03	1.000434	
1 -8.090452	1.046800e+00	1.038028e+00	1.006629e+00	5.856788e-01	1.481566e-01	7.300019e-01	-1.412050e-01	7.500648e-05	2.520666e-03	1.000443	
1 -7.085427	1.082187e+00	1.073091e+00	1.040415e+00	5.856764e-01	1.481600e-01	7.301067e-01	-1.236640e-01	7.500591e-05	2.520648e-03	1.000451	
1 -6.080402	1.118208e+00	1.108780e+00	1.074789e+00	5.856738e-01	1.481635e-01	7.302126e-01	-1.061230e-01	7.500531e-05	2.520632e-03	1.000460	
1 -5.075377	1.154854e+00	1.145088e+00	1.109743e+00	5.856712e-01	1.481670e-01	7.303198e-01	-8.858204e-02	7.500469e-05	2.520616e-03	1.000469	
1 -4.070352	1.192115e+00	1.182006e+00	1.145266e+00	5.856684e-01	1.481705e-01	7.304280e-01	-7.104104e-02	7.500405e-05	2.520601e-03	1.000477	
1 -3.065327	1.229983e+00	1.219524e+00	1.181348e+00	5.856656e-01	1.481740e-01	7.305374e-01	-5.350004e-02	7.500337e-05	2.520588e-03	1.000486	
1 -2.060302	1.268445e+00	1.257632e+00	1.217979e+00	5.856627e-01	1.481775e-01	7.306479e-01	-3.595904e-02	7.500268e-05	2.520575e-03	1.000495	
1 -1.055276	1.307492e+00	1.296318e+00	1.255147e+00	5.856598e-01	1.481811e-01	7.307595e-01	-1.841805e-02	7.500195e-05	2.520563e-03	1.000504	
1 -0.050251	1.347110e+00	1.335571e+00	1.292840e+00	5.856567e-01	1.481847e-01	7.308721e-01	-8.770499e-04	7.500120e-05	2.520552e-03	1.000513	
1 0.954774	1.387287e+00	1.375377e+00	1.331043e+00	5.856536e-01	1.481882e-01	7.309857e-01	1.666395e-02	7.500043e-05	2.520542e-03	1.000522	
1 1.959799	1.428010e+00	1.415723e+00	1.369744e+00	5.856504e-01	1.481918e-01	7.311003e-01	3.420495e-02	7.499963e-05	2.520533e-03	1.000530	
1 2.964824	1.469262e+00	1.456594e+00	1.408927e+00	5.856471e-01	1.481954e-01	7.312158e-01	5.174594e-02	7.499880e-05	2.520525e-03	1.000539	
1 3.969849	1.511029e+00	1.497976e+00	1.448577e+00	5.856438e-01	1.481990e-01	7.313323e-01	6.928694e-02	7.499795e-05	2.520518e-03	1.000548	
1 4.974874	1.553296e+00	1.539851e+00	1.488678e+00	5.856401e-01	1.482025e-01	7.314520e-01	8.682794e-02	7.499708e-05	2.520513e-03	1.000557	
1 5.979899	1.596044e+00	1.582204e+00	1.529212e+00	5.856366e-01	1.482061e-01	7.315703e-01	1.043689e-01	7.499618e-05	2.520508e-03	1.000566	
1 6.984925	1.639256e+00	1.625017e+00	1.570163e+00	5.856331e-01	1.482097e-01	7.316894e-01	1.219099e-01	7.499526e-05	2.520504e-03	1.000576	
1 7.989950	1.682913e+00	1.668271e+00	1.611511e+00	5.856295e-01	1.482133e-01	7.318094e-01	1.394509e-01	7.499432e-05	2.520501e-03	1.000585	
1 8.994975	1.726997e+00	1.711947e+00	1.653238e+00	5.856258e-01	1.482169e-01	7.319300e-01	1.569919e-01	7.499335e-05	2.520499e-03	1.000594	
1 10.000000	1.771486e+00	1.756025e+00	1.695324e+00	5.856220e-01	1.482206e-01	7.320514e-01	1.745329e-01	7.499236e-05	2.520498e-03	1.000603	
------ solution #2 out of 2 ------
-1 -190.000000	1.232279e+00	1.218881e+00	1.154651e+00	5.856848e-01	1.482122e-01	7.319647e-01	-3.316126e+00	7.499146e-05	2.527255e-03	1.000487	
-1 -188.994975	1.196318e+00	1.183317e+00	1.120981e+00	5.856871e-01	1.482086e-01	7.318545e-01	-3.298585e+00	7.499209e-05	2.527258e-03	1.000478	
-1 -187.989950	1.160927e+00	1.148318e+00	1.087841e+00	5.856893e-01	1.482051e-01	7.317449e-01	-3.281044e+00	7.499269e-05	2.527260e-03	1.000468	
-1 -186.984925	1.126114e+00	1.113892e+00	1.055238e+00	5.856914e-01	1.482016e-01	7.316360e-01	-3.263503e+00	7.499328e-05	2.527261e-03	1.000458	
-1 -185.979899	1.091887e+00	1.080046e+00	1.023179e+00	5.856935e-01	1.481981e-01	7.315278e-01	-3.245962e+00	7.499384e-05	2.527261e-03	1.000448	
-1 -184.974874	1.058251e+00	1.046786e+00	9.916718e-01	5.856954e-01	1.481947e-01	7.314204e-01	-3.228421e+00	7.499439e-05	2.527259e-03	1.000438	
-1 -183.969849	1.025213e+00	1.014119e+00	9.607215e-01	5.856973e-01	1.481912e-01	7.313137e-01	-3.210880e+00	7.499491e-05	2.527257e-03	1.000429	
-1 -182.964824	9.927795e-01	9.820500e-01	9.303336e-01	5.856992e-01	1.481877e-01	7.312078e-01	-3.193339e+00	7.499542e-05	2.527254e-03	1.000419	
-1 -181.959799	9.609540e-01	9.505834e-01	9.005128e-01	5.857009e-01	1.481842e-01	7.311026e-01	-3.175798e+00	7.499590e-05	2.527250e-03	1.000410	
-1 -180.954774	9.297410e-01	9.197234e-01	8.712633e-01	5.857026e-01	1.481808e-01	7.309983e-01	-3.158257e+00	7.499636e-05	2.527244e-03	1.000400	
-1 -179.949749	8.991440e-01	8.894733e-01	8.425886e-01	5.857042e-01	1.481774e-01	7.308948e-01	-3.140716e+00	7.499681e-05	2.527238e-03	1.000391	
-1 -178.944724	8.691660e-01	8.598360e-01	8.144915e-01	5.857057e-01	1.481739e-01	7.307922e-01	-3.123175e+00	7.499723e-05	2.527231e-03	1.000381	
-1 -177.939698	8.398091e-01	8.308135e-01	7.869746e-01	5.857071e-01	1.481705e-01	7.306905e-01	-3.105634e+00	7.499763e-05	2.527223e-03	1.000372	
-1 -176.934673	8.110751e-01	8.024075e-01	7.600395e-01	5.857085e-01	1.481671e-01	7.305896e-01	-3.088093e+00	7.499801e-05	2.527214e-03	1.000363	
-1 -175.929648	7.829650e-01	7.746189e-01	7.336874e-01	5.857098e-01	1.481637e-01	7.304897e-01	-3.070552e+00	7.499838e-05	2.527204e-03	1.000354	
-1 -174.924623	7.554793e-01	7.474481e-01	7.079191e-01	5.857110e-01	1.481604e-01	7.303907e-01	-3.053011e+00	7.499872e-05	2.527193e-03	1.000345	
-1 -173.919598	7.286179e-01	7.208950e-01	6.827346e-01	5.857121e-01	1.481570e-01	7.302926e-01	-3.035470e+00	7.499904e-05	2.527181e-03	1.000336	
-1 -172.914573	7.023801e-01	6.949589e-01	6.581336e-01	5.857132e-01	1.481537e-01	7.301955e-01	-3.017929e+00	7.499935e-05	2.527168e-03	1.000327	
-1 -171.909548	6.767647e-01	6.696384e-01	6.341151e-01	5.857142e-01	1.481504e-01	7.300994e-01	-3.000388e+00	7.499963e-05	2.527154e-03	1.000318	
-1 -170.904523	6.517701e-01	6.449318e-01	6.106777e-01	5.857152e-01	1.481471e-01	7.300042e-01	-2.982847e+00	7.499990e-05	2.527140e-03	1.000309	
-1 -169.899497	6.273938e-01	6.208369e-01	5.878194e-01	5.857160e-01	1.481438e-01	7.299101e-01	-2.965306e+00	7.500015e-05	2.527124e-03	1.000301	
-1 -168.894472	6.036332e-01	5.973507e-01	5.655378e-01	5.857168e-01	1.481406e-01	7.298169e-01	-2.947765e+00	7.500038e-05	2.527108e-03	1.000292	
-1 -167.889447	5.804850e-01	5.744700e-01	5.438299e-01	5.857176e-01	1.481374e-01	7.297248e-01	-2.930224e+00	7.500060e-05	2.527091e-03	1.000284	
-1 -166.884422	5.579454e-01	5.521909e-01	5.226926e-01	5.857182e-01	1.481341e-01	7.296337e-01	-2.912683e+00	7.500079e-05	2.527073e-03	1.000275	
-1 -165.879397	5.360101e-01	5.305094e-01	5.021218e-01	5.857188e-01	1.481310e-01	7.295436e-01	-2.895142e+00	7.500097e-05	2.527054e-03	1.000267	
-1 -164.874372	5.146746e-01	5.094207e-01	4.821134e-01	5.857194e-01	1.481278e-01	7.294547e-01	-2.877601e+00	7.500114e-05	2.527034e-03	1.000259	
-1 -163.869347	4.939337e-01	4.889197e-01	4.626627e-01	5.857198e-01	1.481247e-01	7.293667e-01	-2.860060e+00	7.500129e-05	2.527014e-03	1.000251	
-1 -162.864322	4.737819e-01	4.690009e-01	4.437647e-01	5.857203e-01	1.481216e-01	7.292798e-01	-2.842519e+00	7.500142e-05	2.526993e-03	1.000243	
-1 -161.859296	4.542132e-01	4.496583e-01	4.254138e-01	5.857206e-01	1.481185e-01	7.291941e-01	-2.824978e+00	7.500153e-05	2.526970e-03	1.000235	
-1 -160.854271	4.352213e-01	4.308857e-01	4.076043e-01	5.857209e-01	1.481155e-01	7.291094e-01	-2.807437e+00	7.500163e-05	2.526948e-03	1.000227	
-1 -159.849246	4.167995e-01	4.126763e-01	3.903299e-01	5.857212e-01	1.481124e-01	7.290257e-01	-2.789896e+00	7.500172e-05	2.526924e-03	1.000220	
-1 -158.844221	3.989407e-01	3.950232e-01	3.735842e-01	5.857214e-01	1.481095e-01	7.289432e-01	-2.772355e+00	7.500179e-05	2.526900e-03	1.000212	
-1 -157.839196	3.816375e-01	3.779190e-01	3.573601e-01	5.857215e-01	1.481065e-01	7.288618e-01	-2.754814e+00	7.500185e-05	2.526874e-03	1.000205	
-1 -156.834171	3.648822e-01	3.613560e-01	3.416506e-01	5.857216e-01	1.481036e-01	7.287815e-01	-2.737273e+00	7.500190e-05	2.526849e-03	1.000197	
-1 -155.829146	3.486668e-01	3.453262e-01	3.264481e-01	5.857217e-01	1.481007e-01	7.287023e-01	-2.719732e+00	7.500193e-05	2.526822e-03	1.000190	
-1 -154.824121	3.329828e-01	3.298214e-01	3.117449e-01	5.857217e-01	1.480978e-01	7.286243e-01	-2.702191e+00	7.500196e-05	2.526795e-03	1.000183	
-1 -153.819095	3.178218e-01	3.148330e-01	2.975330e-01	5.857216e-01	1.480950e-01	7.285473e-01	-2.684650e+00	7.500197e-05	2.526766e-03	1.000176	
-1 -152.814070	3.031747e-01	3.003522e-01	2.838039e-01	5.857215e-01	1.480922e-01	7.284715e-01	-2.667109e+00	7.500197e-05	2.526738e-03	1.000169	
-1 -151.809045	2.890326e-01	2.863700e-01	2.705493e-01	5.857214e-01	1.480894e-01	7.283968e-01	-2.649568e+00	7.500195e-05	2.526708e-03	1.000162	
-1 -150.804020	2.753860e-01	2.728772e-01	2.577604e-01	5.857212e-01	1.480867e-01	7.283233e-01	-2.632027e+00	7.500193e-05	2.526678e-03	1.000156	
-1 -149.798995	2.622255e-01	2.598642e-01	2.454281e-01	5.857210e-01	1.480840e-01	7.282508e-01	-2.614486e+00	7.500190e-05	2.526647e-03	1.000149	
-1 -148.793970	2.495413e-01	2.473215e-01	2.335434e-01	5.857208e-01	1.480813e-01	7.281796e-01	-2.596945e+00	7.500186e-05	2.526616e-03	1.000143	
-1 -147.788945	2.373234e-01	2.352393e-01	2.220971e-01	5.857205e-01	1.480787e-01	7.281094e-01	-2.579404e+00	7.500181e-05	2.526584e-03	1.000137	
-1 -146.783920	2.255619e-01	2.236076e-01	2.110795e-01	5.857202e-01	1.480761e-01	7.280404e-01	-2.561863e+00	7.500175e-05	2.526551e-03	1.000131	
-1 -145.778894	2.142465e-01	2.124163e-01	2.004811e-01	5.857199e-01	1.480735e-01	7.279726e-01	-2.544322e+00	7.500169e-05	2.526518e-03	1.000125	
-1 -144.773869	2.033669e-01	2.016552e-01	1.902923e-01	5.857195e-01	1.480710e-01	7.279059e-01	-2.526781e+00	7.500162e-05	2.526484e-03	1.000119	
-1 -143.768844	1.929127e-01	1.913139e-01	1.805031e-01	5.857191e-01	1.480685e-01	7.278403e-01	-2.509240e+00	7.500154e-05	2.526449e-03	1.000113	
-1 -142.763819	1.828734e-01	1.813822e-01	1.711037e-01	5.857187e-01	1.480661e-01	7.277759e-01	-2.491699e+00	7.500146e-05	2.526414e-03	1.000107	
-1 -141.758794	1.732383e-01	1.718496e-01	1.620841e-01	5.857182e-01	1.480637e-01	7.277126e-01	-2.474158e+00	7.500137e-05	2.526378e-03	1.000102	
-1 -140.753769	1.639969e-01	1.627055e-01	1.534342e-01	5.857177e-01	1.480613e-01	7.276505e-01	-2.456617e+00	7.500127e-05	2.526342e-03	1.000097	
-1 -139.748744	1.551384e-01	1.539394e-01	1.451441e-01	5.857173e-01	1.480590e-01	7.275896e-01	-2.439076e+00	7.500117e-05	2.526305e-03	1.000091	
-1 -138.743719	1.466522e-01	1.455407e-01	1.372035e-01	5.857168e-01	1.480567e-01	7.275298e-01	-2.421535e+00	7.500107e-05	2.526268e-03	1.000086	
-1 -137.738693	1.385276e-01	1.374989e-01	1.296024e-01	5.857162e-01	1.480544e-01	7.274711e-01	-2.403994e+00	7.500096e-05	2.526230e-03	1.000081	
-1 -136.733668	1.307538e-01	1.298033e-01	1.223307e-01	5.857157e-01	1.480522e-01	7.274136e-01	-2.386453e+00	7.500086e-05	2.526191e-03	1.000077	
-1 -135.728643	1.233203e-01	1.224436e-01	1.153783e-01	5.857152e-01	1.480500e-01	7.273572e-01	-2.368912e+00	7.500074e-05	2.526152e-03	1.000072	
-1 -134.723618	1.162163e-01	1.154093e-01	1.087351e-01	5.857146e-01	1.480479e-01	7.273020e-01	-2.351371e+00	7.500063e-05	2.526113e-03	1.000067	
-1 -133.718593	1.094315e-01	1.086898e-01	1.023913e-01	5.857140e-01	1.480458e-01	7.272479e-01	-2.333830e+00	7.500052e-05	2.526073e-03	1.000063	
-1 -132.713568	1.029551e-01	1.022749e-01	9.633685e-02	5.857134e-01	1.480438e-01	7.271950e-01	-2.316289e+00	7.500040e-05	2.526032e-03	1.000059	
-1 -131.708543	9.677696e-02	9.615427e-02	9.056196e-02	5.857129e-01	1.480418e-01	7.271432e-01	-2.298748e+00	7.500029e-05	2.525991e-03	1.000054	
-1 -130.703518	9.088668e-02	9.031786e-02	8.505690e-02	5.857123e-01	1.480399e-01	7.270926e-01	-2.281207e+00	7.500017e-05	2.525950e-03	1.000050	
-1 -129.698492	8.527411e-02	8.475561e-02	7.981205e-02	5.857117e-01	1.480379e-01	7.270431e-01	-2.263666e+00	7.500006e-05	2.525908e-03	1.000047	
-1 -128.693467	7.992922e-02	7.945762e-02	7.481793e-02	5.857111e-01	1.480361e-01	7.269948e-01	-2.246125e+00	7.499995e-05	2.525865e-03	1.000043	
-1 -127.688442	7.484214e-02	7.441416e-02	7.006519e-02	5.857105e-01	1.480343e-01	7.269476e-01	-2.228584e+00	7.499984e-05	2.525822e-03	1.000039	
-1 -126.683417	7.000313e-02	6.961566e-02	6.554464e-02	5.857099e-01	1.480325e-01	7.269016e-01	-2.211043e+00	7.499973e-05	2.525779e-03	1.000036	
-1 -125.678392	6.540266e-02	6.505272e-02	6.124725e-02	5.857093e-01	1.480307e-01	7.268566e-01	-2.193502e+00	7.499962e-05	2.525735e-03	1.000032	
-1 -124.673367	6.103137e-02	6.071611e-02	5.716419e-02	5.857088e-01	1.480290e-01	7.268129e-01	-2.175961e+00	7.499952e-05	2.525691e-03	1.000029	
-1 -123.668342	5.688011e-02	5.659684e-02	5.328679e-02	5.857082e-01	1.480274e-01	7.267702e-01	-2.158420e+00	7.499941e-05	2.525647e-03	1.000026	
-1 -122.663317	5.293995e-02	5.268610e-02	4.960661e-02	5.857076e-01	1.480258e-01	7.267288e-01	-2.140879e+00	7.499932e-05	2.525602e-03	1.000023	
-1 -121.658291	4.920217e-02	4.897532e-02	4.611543e-02	5.857071e-01	1.480243e-01	7.266884e-01	-2.123338e+00	7.499922e-05	2.525557e-03	1.000020	
-1 -120.653266	4.565831e-02	4.545617e-02	4.280526e-02	5.857065e-01	1.480227e-01	7.266492e-01	-2.105797e+00	7.499914e-05	2.525511e-03	1.000018	
-1 -119.648241	4.230015e-02	4.212056e-02	3.966833e-02	5.857060e-01	1.480213e-01	7.266111e-01	-2.088256e+00	7.499905e-05	2.525465e-03	1.000015	
-1 -118.643216	3.911974e-02	3.896067e-02	3.669714e-02	5.857055e-01	1.480199e-01	7.265742e-01	-2.070715e+00	7.499898e-05	2.525419e-03	1.000013	
-1 -117.638191	3.610940e-02	3.596895e-02	3.388444e-02	5.857050e-01	1.480185e-01	7.265384e-01	-2.053174e+00	7.499890e-05	2.525372e-03	1.000011	
-1 -116.633166	3.326172e-02	3.313813e-02	3.122328e-02	5.857045e-01	1.480172e-01	7.265037e-01	-2.035633e+00	7.499884e-05	2.525325e-03	1.000008	
-1 -115.628141	3.056961e-02	3.046121e-02	2.870696e-02	5.857040e-01	1.480159e-01	7.264702e-01	-2.018092e+00	7.499878e-05	2.525278e-03	1.000006	
-1 -114.623116	2.802627e-02	2.793153e-02	2.632908e-02	5.857036e-01	1.480147e-01	7.264378e-01	-2.000551e+00	7.499872e-05	2.525230e-03	1.000005	
-1 -113.618090	2.562521e-02	2.554270e-02	2.408356e-02	5.857032e-01	1.480135e-01	7.264065e-01	-1.983010e+00	7.499868e-05	2.525183e-03	1.000003	
-1 -112.613065	2.336027e-02	2.328868e-02	2.196460e-02	5.857028e-01	1.480124e-01	7.263764e-01	-1.965469e+00	7.499864e-05	2.525134e-03	1.000001	
-1 -111.608040	2.122561e-02	2.116373e-02	1.996674e-02	5.857024e-01	1.480113e-01	7.263474e-01	-1.947928e+00	7.499860e-05	2.525086e-03	1.000000	
-1 -110.603015	1.921574e-02	1.916247e-02	1.808485e-02	5.857020e-01	1.480103e-01	7.263196e-01	-1.930387e+00	7.499858e-05	2.525037e-03	0.999999	
-1 -109.597990	1.732551e-02	1.727983e-02	1.631410e-02	5.857016e-01	1.480093e-01	7.262928e-01	-1.912846e+00	7.499856e-05	2.524988e-03	0.999997	
-1 -108.592965	1.555012e-02	1.551113e-02	1.465003e-02	5.857013e-01	1.480084e-01	7.262672e-01	-1.895305e+00	7.499855e-05	2.524939e-03	0.999996	
-1 -107.587940	1.388513e-02	1.385199e-02	1.308852e-02	5.857010e-01	1.480075e-01	7.262428e-01	-1.877764e+00	7.499855e-05	2.524890e-03	0.999995	
-1 -106.582915	1.232648e-02	1.229845e-02	1.162580e-02	5.857007e-01	1.480066e-01	7.262195e-01	-1.860223e+00	7.499856e-05	2.524840e-03	0.999995	
-1 -105.577889	1.087045e-02	1.084687e-02	1.025845e-02	5.857005e-01	1.480058e-01	7.261973e-01	-1.842682e+00	7.499858e-05	2.524791e-03	0.999994	
-1 -104.572864	9.513733e-03	9.493999e-03	8.983425e-03	5.857003e-01	1.480051e-01	7.261762e-01	-1.825141e+00	7.499860e-05	2.524741e-03	0.999993	
-1 -103.567839	8.253377e-03	8.236968e-03	7.798037e-03	5.857001e-01	1.480044e-01	7.261563e-01	-1.807600e+00	7.499864e-05	2.524690e-03	0.999993	
-1 -102.562814	7.086824e-03	7.073279e-03	6.699976e-03	5.856999e-01	1.480038e-01	7.261376e-01	-1.790059e+00	7.499868e-05	2.524640e-03	0.999993	
-1 -101.557789	6.011907e-03	6.000821e-03	5.687303e-03	5.856997e-01	1.480032e-01	7.261200e-01	-1.772518e+00	7.499873e-05	2.524589e-03	0.999993	
-1 -100.552764	5.026848e-03	5.017867e-03	4.758460e-03	5.856996e-01	1.480026e-01	7.261035e-01	-1.754977e+00	7.499880e-05	2.524539e-03	0.999993	
-1 -99.547739	4.130266e-03	4.123084e-03	3.912266e-03	5.856995e-01	1.480022e-01	7.260882e-01	-1.737436e+00	7.499887e-05	2.524488e-03	0.999993	
-1 -98.542714	3.321176e-03	3.315527e-03	3.147927e-03	5.856995e-01	1.480017e-01	7.260740e-01	-1.719895e+00	7.499895e-05	2.524437e-03	0.999993	
-1 -97.537688	2.598993e-03	2.594647e-03	2.465030e-03	5.856994e-01	1.480013e-01	7.260609e-01	-1.702354e+00	7.499904e-05	2.524386e-03	0.999993	
-1 -96.532663	1.963534e-03	1.960287e-03	1.863549e-03	5.856994e-01	1.480010e-01	7.260490e-01	-1.684813e+00	7.499913e-05	2.524335e-03	0.999994	
-1 -95.527638	1.415015e-03	1.412687e-03	1.343845e-03	5.856994e-01	1.480007e-01	7.260383e-01	-1.667272e+00	7.499924e-05	2.524283e-03	0.999994	
-1 -94.522613	9.540545e-04	9.524847e-04	9.066654e-04	5.856995e-01	1.480005e-01	7.260287e-01	-1.649731e+00	7.499936e-05	2.524232e-03	0.999995	
-1 -93.517588	5.816724e-04	5.807097e-04	5.531425e-04	5.856996e-01	1.480003e-01	7.260204e-01	-1.632190e+00	7.499949e-05	2.524181e-03	0.999996	
-1 -92.512563	2.992893e-04	2.987884e-04	2.847954e-04	5.856996e-01	1.480001e-01	7.260131e-01	-1.614649e+00	7.499962e-05	2.524129e-03	0.999997	
-1 -91.507538	1.087253e-04	1.085404e-04	1.035269e-04	5.856998e-01	1.480000e-01	7.260070e-01	-1.597108e+00	7.499977e-05	2.524077e-03	0.999998	
-1 -90.502513	1.219831e-05	1.217712e-05	1.162252e-05	5.856999e-01	1.480000e-01	7.260020e-01	-1.579567e+00	7.499992e-05	2.524026e-03	0.999999	
-1 -89.497487	1.232176e-05	1.229982e-05	1.174758e-05	5.857001e-01	1.480000e-01	7.259983e-01	-1.562026e+00	7.500008e-05	2.523974e-03	1.000001	
-1 -88.492462	1.121021e-04	1.118967e-04	1.069450e-04	5.857003e-01	1.480001e-01	7.259957e-01	-1.544485e+00	7.500025e-05	2.523922e-03	1.000002	
-1 -87.487437	3.149353e-04	3.143398e-04	3.006317e-04	5.857005e-01	1.480002e-01	7.259943e-01	-1.526944e+00	7.500043e-05	2.523871e-03	1.000004	
-1 -86.482412	6.246038e-04	6.233816e-04	5.965951e-04	5.857008e-01	1.480004e-01	7.259941e-01	-1.509403e+00	7.500062e-05	2.523819e-03	1.000005	
-1 -85.477387	1.045272e-03	1.043151e-03	9.989889e-04	5.857010e-01	1.480006e-01	7.259950e-01	-1.491862e+00	7.500082e-05	2.523767e-03	1.000007	
-1 -84.472362	1.581480e-03	1.578147e-03	1.512328e-03	5.857013e-01	1.480008e-01	7.259972e-01	-1.474321e+00	7.500102e-05	2.523716e-03	1.000009	
-1 -83.467337	2.238143e-03	2.233237e-03	2.141484e-03	5.857016e-01	1.480012e-01	7.260006e-01	-1.456780e+00	7.500123e-05	2.523664e-03	1.000011	
-1 -82.462312	3.020540e-03	3.013650e-03	2.891679e-03	5.857020e-01	1.480015e-01	7.260051e-01	-1.439239e+00	7.500145e-05	2.523612e-03	1.000014	
-1 -81.457286	3.934311e-03	3.924966e-03	3.768480e-03	5.857023e-01	1.480019e-01	7.260109e-01	-1.421698e+00	7.500168e-05	2.523561e-03	1.000016	
-1 -80.452261	4.985452e-03	4.973119e-03	4.777791e-03	5.857027e-01	1.480024e-01	7.260178e-01	-1.404157e+00	7.500191e-05	2.523509e-03	1.000018	
-1 -79.447236	6.180304e-03	6.164381e-03	5.925848e-03	5.857031e-01	1.480029e-01	7.260260e-01	-1.386616e+00	7.500215e-05	2.523458e-03	1.000021	
-1 -78.442211	7.525548e-03	7.505360e-03	7.219210e-03	5.857035e-01	1.480035e-01	7.260354e-01	-1.369075e+00	7.500240e-05	2.523407e-03	1.000023	
-1 -77.437186	9.028195e-03	9.002990e-03	8.664752e-03	5.857039e-01	1.480041e-01	7.260460e-01	-1.351534e+00	7.500265e-05	2.523355e-03	1.000026	
-1 -76.432161	1.069558e-02	1.066452e-02	1.026966e-02	5.857044e-01	1.480048e-01	7.260579e-01	-1.333993e+00	7.500291e-05	2.523304e-03	1.000029	
-1 -75.427136	1.253536e-02	1.249752e-02	1.204140e-02	5.857048e-01	1.480055e-01	7.260709e-01	-1.316452e+00	7.500318e-05	2.523253e-03	1.000032	
-1 -74.422111	1.455548e-02	1.450985e-02	1.398776e-02	5.857053e-01	1.480063e-01	7.260853e-01	-1.298911e+00	7.500345e-05	2.523202e-03	1.000035	
-1 -73.417085	1.676420e-02	1.670966e-02	1.611677e-02	5.857058e-01	1.480071e-01	7.261008e-01	-1.281370e+00	7.500372e-05	2.523152e-03	1.000038	
-1 -72.412060	1.917005e-02	1.910538e-02	1.843677e-02	5.857063e-01	1.480080e-01	7.261176e-01	-1.263829e+00	7.500400e-05	2.523101e-03	1.000042	
-1 -71.407035	2.178184e-02	2.170573e-02	2.095631e-02	5.857068e-01	1.480089e-01	7.261357e-01	-1.246288e+00	7.500428e-05	2.523051e-03	1.000045	
-1 -70.402010	2.460865e-02	2.451967e-02	2.368424e-02	5.857073e-01	1.480099e-01	7.261550e-01	-1.228747e+00	7.500456e-05	2.523000e-03	1.000049	
-1 -69.396985	2.765981e-02	2.755642e-02	2.662960e-02	5.857078e-01	1.480109e-01	7.261756e-01	-1.211206e+00	7.500485e-05	2.522950e-03	1.000052	
-1 -68.391960	3.094487e-02	3.082542e-02	2.980169e-02	5.857083e-01	1.480120e-01	7.261975e-01	-1.193665e+00	7.500514e-05	2.522900e-03	1.000056	
-1 -67.386935	3.447365e-02	3.433635e-02	3.321001e-02	5.857088e-01	1.480131e-01	7.262206e-01	-1.176124e+00	7.500543e-05	2.522851e-03	1.000060	
-1 -66.381910	3.825615e-02	3.809911e-02	3.686424e-02	5.857093e-01	1.480143e-01	7.262451e-01	-1.158583e+00	7.500573e-05	2.522801e-03	1.000064	
-1 -65.376884	4.230259e-02	4.212379e-02	4.077429e-02	5.857098e-01	1.480155e-01	7.262708e-01	-1.141042e+00	7.500602e-05	2.522752e-03	1.000068	
-1 -64.371859	4.662338e-02	4.642067e-02	4.495021e-02	5.857103e-01	1.480167e-01	7.262978e-01	-1.123501e+00	7.500632e-05	2.522703e-03	1.000072	
-1 -63.366834	5.122910e-02	5.100020e-02	4.940222e-02	5.857109e-01	1.480181e-01	7.263261e-01	-1.105960e+00	7.500661e-05	2.522654e-03	1.000076	
-1 -62.361809	5.613050e-02	5.587300e-02	5.414070e-02	5.857114e-01	1.480194e-01	7.263558e-01	-1.088419e+00	7.500691e-05	2.522605e-03	1.000080	
-1 -61.356784	6.133846e-02	6.104982e-02	5.917613e-02	5.857119e-01	1.480208e-01	7.263867e-01	-1.070878e+00	7.500720e-05	2.522557e-03	1.000085	
-1 -60.351759	6.686403e-02	6.654156e-02	6.451915e-02	5.857123e-01	1.480223e-01	7.264201e-01	-1.053337e+00	7.500749e-05	2.522509e-03	1.000089	
-1 -59.346734	7.271835e-02	7.235923e-02	7.018048e-02	5.857128e-01	1.480238e-01	7.264537e-01	-1.035796e+00	7.500778e-05	2.522461e-03	1.000094	
-1 -58.341709	7.891266e-02	7.851395e-02	7.617092e-02	5.857132e-01	1.480253e-01	7.264886e-01	-1.018255e+00	7.500807e-05	2.522414e-03	1.000099	
-1 -57.336683	8.545832e-02	8.501691e-02	8.250137e-02	5.857137e-01	1.480270e-01	7.265249e-01	-1.000714e+00	7.500836e-05	2.522367e-03	1.000104	
-1 -56.331658	9.236672e-02	9.187938e-02	8.918276e-02	5.857141e-01	1.480286e-01	7.265625e-01	-9.831729e-01	7.500864e-05	2.522320e-03	1.000109	
-1 -55.326633	9.964935e-02	9.911270e-02	9.622609e-02	5.857145e-01	1.480303e-01	7.266014e-01	-9.656319e-01	7.500891e-05	2.522274e-03	1.000114	
-1 -54.321608	1.073177e-01	1.067282e-01	1.036423e-01	5.857149e-01	1.480321e-01	7.266417e-01	-9.480909e-01	7.500919e-05	2.522228e-03	1.000119	
-1 -53.316583	1.153833e-01	1.147374e-01	1.114426e-01	5.857153e-01	1.480339e-01	7.266834e-01	-9.305499e-01	7.500945e-05	2.522182e-03	1.000124	
-1 -52.311558	1.238577e-01	1.231515e-01	1.196377e-01	5.857156e-01	1.480357e-01	7.267265e-01	-9.130089e-01	7.500971e-05	2.522136e-03	1.000129	
-1 -51.306533	1.327525e-01	1.319820e-01	1.282389e-01	5.857159e-01	1.480376e-01	7.267709e-01	-8.954679e-01	7.500997e-05	2.522091e-03	1.000135	
-1 -50.301508	1.420790e-01	1.412403e-01	1.372569e-01	5.857162e-01	1.480395e-01	7.268166e-01	-8.779269e-01	7.501021e-05	2.522047e-03	1.000140	
-1 -49.296482	1.518489e-01	1.509377e-01	1.467027e-01	5.857165e-01	1.480415e-01	7.268638e-01	-8.603859e-01	7.501045e-05	2.522002e-03	1.000146	
-1 -48.291457	1.620734e-01	1.610854e-01	1.565871e-01	5.857167e-01	1.480435e-01	7.269123e-01	-8.428449e-01	7.501068e-05	2.521959e-03	1.000151	
-1 -47.286432	1.727639e-01	1.716945e-01	1.669208e-01	5.857169e-01	1.480456e-01	7.269622e-01	-8.253039e-01	7.501090e-05	2.521915e-03	1.000157	
-1 -46.281407	1.839316e-01	1.827763e-01	1.777144e-01	5.857170e-01	1.480477e-01	7.270136e-01	-8.077629e-01	7.501111e-05	2.521872e-03	1.000163	
-1 -45.276382	1.955875e-01	1.943416e-01	1.889783e-01	5.857171e-01	1.480499e-01	7.270663e-01	-7.902219e-01	7.501131e-05	2.521829e-03	1.000169	
-1 -44.271357	2.077428e-01	2.064013e-01	2.007230e-01	5.857172e-01	1.480521e-01	7.271204e-01	-7.726809e-01	7.501150e-05	2.521787e-03	1.000175	
-1 -43.266332	2.204081e-01	2.189660e-01	2.129585e-01	5.857172e-01	1.480543e-01	7.271759e-01	-7.551399e-01	7.501168e-05	2.521746e-03	1.000181	
-1 -42.261307	2.335940e-01	2.320463e-01	2.256948e-01	5.857172e-01	1.480566e-01	7.272328e-01	-7.375989e-01	7.501185e-05	2.521705e-03	1.000187	
-1 -41.256281	2.473111e-01	2.456525e-01	2.389418e-01	5.857172e-01	1.480590e-01	7.272912e-01	-7.200579e-01	7.501200e-05	2.521664e-03	1.000194	
-1 -40.251256	2.615696e-01	2.597947e-01	2.527088e-01	5.857170e-01	1.480613e-01	7.273509e-01	-7.025170e-01	7.501214e-05	2.521624e-03	1.000200	
-1 -39.246231	2.763794e-01	2.744828e-01	2.670054e-01	5.857169e-01	1.480638e-01	7.274121e-01	-6.849760e-01	7.501227e-05	2.521584e-03	1.000207	
-1 -38.241206	2.917503e-01	2.897264e-01	2.818404e-01	5.857167e-01	1.480662e-01	7.274746e-01	-6.674350e-01	7.501238e-05	2.521545e-03	1.000213	
-1 -37.236181	3.076918e-01	3.055349e-01	2.972227e-01	5.857164e-01	1.480687e-01	7.275386e-01	-6.498940e-01	7.501247e-05	2.521506e-03	1.000220	
-1 -36.231156	3.242131e-01	3.219174e-01	3.131608e-01	5.857161e-01	1.480713e-01	7.276041e-01	-6.323530e-01	7.501256e-05	2.521468e-03	1.000226	
-1 -35.226131	3.413231e-01	3.388828e-01	3.296629e-01	5.857157e-01	1.480738e-01	7.276709e-01	-6.148120e-01	7.501262e-05	2.521430e-03	1.000233	
-1 -34.221106	3.590303e-01	3.564394e-01	3.467367e-01	5.857153e-01	1.480765e-01	7.277392e-01	-5.972710e-01	7.501267e-05	2.521393e-03	1.000240	
-1 -33.216080	3.773431e-01	3.745954e-01	3.643897e-01	5.857148e-01	1.480791e-01	7.278088e-01	-5.797300e-01	7.501270e-05	2.521357e-03	1.000247	
-1 -32.211055	3.962692e-01	3.933587e-01	3.826291e-01	5.857142e-01	1.480818e-01	7.278799e-01	-5.621890e-01	7.501271e-05	2.521321e-03	1.000254	
-1 -31.206030	4.158161e-01	4.127366e-01	4.014617e-01	5.857136e-01	1.480846e-01	7.279525e-01	-5.446480e-01	7.501271e-05	2.521286e-03	1.000261	
-1 -30.201005	4.359909e-01	4.327361e-01	4.208936e-01	5.857129e-01	1.480873e-01	7.280264e-01	-5.271070e-01	7.501268e-05	2.521251e-03	1.000268	
-1 -29.195980	4.568003e-01	4.533638e-01	4.409309e-01	5.857122e-01	1.480902e-01	7.281018e-01	-5.095660e-01	7.501264e-05	2.521217e-03	1.000275	
-1 -28.190955	4.782506e-01	4.746259e-01	4.615790e-01	5.857114e-01	1.480930e-01	7.281785e-01	-4.920250e-01	7.501257e-05	2.521184e-03	1.000283	
-1 -27.185930	5.003474e-01	4.965281e-01	4.828429e-01	5.857105e-01	1.480959e-01	7.282567e-01	-4.744840e-01	7.501249e-05	2.521151e-03	1.000290	
-1 -26.180905	5.230961e-01	5.190757e-01	5.047272e-01	5.857095e-01	1.480988e-01	7.283363e-01	-4.569430e-01	7.501238e-05	2.521119e-03	1.000298	
-1 -25.175879	5.465015e-01	5.422735e-01	5.272358e-01	5.857085e-01	1.481018e-01	7.284173e-01	-4.394020e-01	7.501226e-05	2.521087e-03	1.000305	
-1 -24.170854	5.705679e-01	5.661256e-01	5.503724e-01	5.857074e-01	1.481047e-01	7.284997e-01	-4.218610e-01	7.501211e-05	2.521056e-03	1.000313	
-1 -23.165829	5.952990e-01	5.906358e-01	5.741399e-01	5.857062e-01	1.481078e-01	7.285835e-01	-4.043200e-01	7.501194e-05	2.521026e-03	1.000320	
-1 -22.160804	6.206982e-01	6.158074e-01	5.985408e-01	5.857049e-01	1.481108e-01	7.286687e-01	-3.867790e-01	7.501174e-05	2.520997e-03	1.000328	
-1 -21.155779	6.467680e-01	6.416430e-01	6.235770e-01	5.857036e-01	1.481139e-01	7.287553e-01	-3.692380e-01	7.501153e-05	2.520968e-03	1.000336	
-1 -20.150754	6.735105e-01	6.681447e-01	6.492498e-01	5.857022e-01	1.481170e-01	7.288432e-01	-3.516970e-01	7.501129e-05	2.520940e-03	1.000344	
-1 -19.145729	7.009273e-01	6.953139e-01	6.755601e-01	5.857007e-01	1.481202e-01	7.289325e-01	-3.341560e-01	7.501102e-05	2.520913e-03	1.000352	
-1 -18.140704	7.290192e-01	7.231516e-01	7.025079e-01	5.856991e-01	1.481233e-01	7.290232e-01	-3.166150e-01	7.501074e-05	2.520887e-03	1.000360	
-1 -17.135678	7.577865e-01	7.516580e-01	7.300928e-01	5.856974e-01	1.481266e-01	7.291152e-01	-2.990740e-01	7.501042e-05	2.520861e-03	1.000368	
-1 -16.130653	7.872288e-01	7.808328e-01	7.583138e-01	5.856957e-01	1.481298e-01	7.292086e-01	-2.815330e-01	7.501009e-05	2.520836e-03	1.000376	
-1 -15.125628	8.173451e-01	8.106749e-01	7.871690e-01	5.856939e-01	1.481330e-01	7.293032e-01	-2.639920e-01	7.500973e-05	2.520812e-03	1.000384	
-1 -14.120603	8.481337e-01	8.411826e-01	8.166560e-01	5.856920e-01	1.481363e-01	7.293992e-01	-2.464510e-01	7.500934e-05	2.520788e-03	1.000392	
-1 -13.115578	8.795921e-01	8.723538e-01	8.467719e-01	5.856900e-01	1.481396e-01	7.294965e-01	-2.289100e-01	7.500893e-05	2.520766e-03	1.000401	
-1 -12.110553	9.117173e-01	9.041852e-01	8.775130e-01	5.856879e-01	1.481430e-01	7.295951e-01	-2.113690e-01	7.500849e-05	2.520744e-03	1.000409	
-1 -11.105528	9.445056e-01	9.366731e-01	9.088746e-01	5.856858e-01	1.481464e-01	7.296950e-01	-1.938280e-01	7.500802e-05	2.520723e-03	1.000417	
-1 -10.100503	9.779523e-01	9.698132e-01	9.408519e-01	5.856836e-01	1.481497e-01	7.297961e-01	-1.762870e-01	7.500753e-05	2.520703e-03	1.000426	
-1 -9.095477	1.012052e+00	1.003600e+00	9.734389e-01	5.856812e-01	1.481531e-01	7.298984e-01	-1.587460e-01	7.500702e-05	2.520684e-03	1.000434	
-1 -8.090452	1.046800e+00	1.038028e+00	1.006629e+00	5.856788e-01	1.481566e-01	7.300020e-01	-1.412050e-01	7.500648e-05	2.520666e-03	1.000443	
-1 -7.085427	1.082187e+00	1.073091e+00	1.040415e+00	5.856764e-01	1.481600e-01	7.301068e-01	-1.236640e-01	7.500591e-05	2.520648e-03	1.000451	
-1 -6.080402	1.118208e+00	1.108780e+00	1.074789e+00	5.856738e-01	1.481635e-01	7.302128e-01	-1.061230e-01	7.500531e-05	2.520632e-03	1.000460	
-1 -5.075377	1.154854e+00	1.145088e+00	1.109743e+00	5.856712e-01	1.481670e-01	7.303199e-01	-8.858204e-02	7.500469e-05	2.520616e-03	1.000469	
-1 -4.070352	1.192115e+00	1.182006e+00	1.145266e+00	5.856684e-01	1.481705e-01	7.304282e-01	-7.104104e-02	7.500405e-05	2.520601e-03	1.000477	
-1 -3.065327	1.229983e+00	1.219524e+00	1.181348e+00	5.856656e-01	1.481740e-01	7.305376e-01	-5.350004e-02	7.500337e-05	2.520588e-03	1.000486	
-1 -2.060302	1.268445e+00	1.257632e+00	1.217979e+00	5.856627e-01	1.481775e-01	7.306480e-01	-3.595904e-02	7.500268e-05	2.520575e-03	1.000495	
-1 -1.055276	1.307492e+00	1.296318e+00	1.255147e+00	5.856598e-01	1.481811e-01	7.307596e-01	-1.841805e-02	7.500195e-05	2.520563e-03	1.000504	
-1 -0.050251	1.347110e+00	1.335571e+00	1.292840e+00	5.856567e-01	1.481847e-01	7.308722e-01	-8.770499e-04	7.500120e-05	2.520552e-03	1.000513	
-1 0.954774	1.387287e+00	1.375377e+00	1.331043e+00	5.856536e-01	1.481882e-01	7.309858e-01	1.666395e-02	7.500043e-05	2.520542e-03	1.000522	
-1 1.959799	1.428010e+00	1.415723e+00	1.369744e+00	5.856504e-01	1.481918e-01	7.311004e-01	3.420495e-02	7.499963e-05	2.520533e-03	1.000530	
-1 2.964824	1.469262e+00	1.456594e+00	1.408927e+00	5.856471e-01	1.481954e-01	7.312159e-01	5.174594e-02	7.499880e-05	2.520525e-03	1.000539	
-1 3.969849	1.511029e+00	1.497976e+00	1.448577e+00	5.856438e-01	1.481990e-01	7.313324e-01	6.928694e-02	7.499795e-05	2.520518e-03	1.000548	
-1 4.974874	1.553296e+00	1.539851e+00	1.488678e+00	5.856403e-01	1.482026e-01	7.314497e-01	8.682794e-02	7.499707e-05	2.520512e-03	1.000557	
-1 5.979899	1.596044e+00	1.582204e+00	1.529212e+00	5.856366e-01	1.482061e-01	7.315703e-01	1.043689e-01	7.499618e-05	2.520508e-03	1.000566	
-1 6.984925	1.639256e+00	1.625017e+00	1.570163e+00	5.856331e-01	1.482097e-01	7.316894e-01	1.219099e-01	7.499526e-05	2.520504e-03	1.000576	
-1 7.989950	1.682913e+00	1.668271e+00	1.611511e+00	5.856295e-01	1.482133e-01	7.318094e-01	1.394509e-01	7.499432e-05	2.520501e-03	1.000585	
-1 8.994975	1.726997e+00	1.711947e+00	1.653238e+00	5.856258e-01	1.482170e-01	7.319294e-01	1.569919e-01	7.499335e-05	2.520499e-03	1.000594	
1 10.000000	1.771486e+00	1.756025e+00	1.695324e+00	5.856220e-01	1.482206e-01	7.320508e-01	1.745329e-01	7.499236e-05	2.520498e-03	1.000603	
0 270.000014	1.771486e+00	1.756025e+00	1.839045e-15	5.857000e-01	1.480000e-01	7.260000e-01	4.712389e+00	7.500000e-05	2.524000e-03	1.000000	

# Wed Jan 25 09:09:08 2017
##### FINIS #####
