# This file was created by 'globes-accuracy 3.1.11' using GLoBES 3.2.13
# The command line was
# ../cdr_testsetup/myacc -A3 -X-100,100 -R200 -p0.5857,0.148,0.726,0.0,0.000075,0.002524 -E0.023,0.018,0.058,0.0,0.024,0.016 -F -d 0.02 -DNUTIME=1.46028037383 -DNUBARTIME=1.46028037383 dune_optimized_long_syst3pc.glb data/resdcp0_optimized_long_syst3pc_no_exp125 
#
# Fri Mar 10 14:57:35 2017

------ solution #1 out of 1 ------
-1 -100.000000	3.295736e+01	2.723673e+01	2.456773e+01	5.826395e-01	1.459204e-01	7.213933e-01	-1.745329e+00	7.416246e-05	2.537640e-03	0.990977	
-1 -98.994975	3.285770e+01	2.711861e+01	2.446813e+01	5.826527e-01	1.459133e-01	7.213815e-01	-1.727788e+00	7.416455e-05	2.537463e-03	0.990998	
-1 -97.989950	3.274531e+01	2.699104e+01	2.435968e+01	5.826670e-01	1.459068e-01	7.213706e-01	-1.710247e+00	7.416698e-05	2.537285e-03	0.991021	
-1 -96.984925	3.262020e+01	2.685406e+01	2.424239e+01	5.826824e-01	1.459009e-01	7.213605e-01	-1.692706e+00	7.416974e-05	2.537106e-03	0.991046	
-1 -95.979899	3.248239e+01	2.670769e+01	2.411631e+01	5.826989e-01	1.458955e-01	7.213512e-01	-1.675165e+00	7.417283e-05	2.536927e-03	0.991072	
-1 -94.974874	3.233193e+01	2.655199e+01	2.398146e+01	5.827166e-01	1.458906e-01	7.213427e-01	-1.657624e+00	7.417625e-05	2.536748e-03	0.991100	
-1 -93.969849	3.216885e+01	2.638701e+01	2.383790e+01	5.827353e-01	1.458863e-01	7.213351e-01	-1.640083e+00	7.418000e-05	2.536569e-03	0.991130	
-1 -92.964824	3.199322e+01	2.621282e+01	2.368569e+01	5.827552e-01	1.458825e-01	7.213282e-01	-1.622542e+00	7.418408e-05	2.536389e-03	0.991162	
-1 -91.959799	3.180512e+01	2.602948e+01	2.352489e+01	5.827762e-01	1.458793e-01	7.213223e-01	-1.605001e+00	7.418848e-05	2.536209e-03	0.991195	
-1 -90.954774	3.160462e+01	2.583708e+01	2.335558e+01	5.827982e-01	1.458767e-01	7.213172e-01	-1.587460e+00	7.419321e-05	2.536029e-03	0.991230	
-1 -89.949749	3.139183e+01	2.563572e+01	2.317783e+01	5.828214e-01	1.458746e-01	7.213129e-01	-1.569919e+00	7.419826e-05	2.535849e-03	0.991266	
-1 -88.944724	3.116687e+01	2.542549e+01	2.299175e+01	5.828456e-01	1.458730e-01	7.213095e-01	-1.552378e+00	7.420363e-05	2.535669e-03	0.991305	
-1 -87.939698	3.092986e+01	2.520650e+01	2.279744e+01	5.828708e-01	1.458720e-01	7.213069e-01	-1.534837e+00	7.420932e-05	2.535489e-03	0.991345	
-1 -86.934673	3.068094e+01	2.497887e+01	2.259499e+01	5.828971e-01	1.458716e-01	7.213052e-01	-1.517296e+00	7.421532e-05	2.535308e-03	0.991386	
-1 -85.929648	3.042025e+01	2.474273e+01	2.238453e+01	5.829244e-01	1.458717e-01	7.213043e-01	-1.499755e+00	7.422163e-05	2.535128e-03	0.991429	
-1 -84.924623	3.014796e+01	2.449821e+01	2.216619e+01	5.829528e-01	1.458724e-01	7.213044e-01	-1.482214e+00	7.422824e-05	2.534948e-03	0.991474	
-1 -83.919598	2.986426e+01	2.424545e+01	2.194009e+01	5.829821e-01	1.458736e-01	7.213053e-01	-1.464673e+00	7.423515e-05	2.534769e-03	0.991521	
-1 -82.914573	2.956931e+01	2.398461e+01	2.170637e+01	5.830124e-01	1.458754e-01	7.213071e-01	-1.447132e+00	7.424236e-05	2.534589e-03	0.991569	
-1 -81.909548	2.926333e+01	2.371585e+01	2.146520e+01	5.830436e-01	1.458778e-01	7.213099e-01	-1.429591e+00	7.424986e-05	2.534410e-03	0.991618	
-1 -80.904523	2.894653e+01	2.343933e+01	2.121672e+01	5.830758e-01	1.458807e-01	7.213135e-01	-1.412050e+00	7.425765e-05	2.534231e-03	0.991669	
-1 -79.899497	2.861913e+01	2.315523e+01	2.096109e+01	5.831089e-01	1.458842e-01	7.213181e-01	-1.394509e+00	7.426571e-05	2.534052e-03	0.991722	
-1 -78.894472	2.828136e+01	2.286374e+01	2.069850e+01	5.831429e-01	1.458883e-01	7.213236e-01	-1.376968e+00	7.427406e-05	2.533873e-03	0.991776	
-1 -77.889447	2.793348e+01	2.256504e+01	2.042912e+01	5.831778e-01	1.458930e-01	7.213300e-01	-1.359427e+00	7.428267e-05	2.533695e-03	0.991832	
-1 -76.884422	2.757573e+01	2.225935e+01	2.015314e+01	5.832135e-01	1.458982e-01	7.213374e-01	-1.341886e+00	7.429154e-05	2.533518e-03	0.991889	
-1 -75.879397	2.720839e+01	2.194685e+01	1.987075e+01	5.832501e-01	1.459040e-01	7.213458e-01	-1.324345e+00	7.430067e-05	2.533341e-03	0.991948	
-1 -74.874372	2.683173e+01	2.162778e+01	1.958216e+01	5.832874e-01	1.459104e-01	7.213552e-01	-1.306804e+00	7.431005e-05	2.533164e-03	0.992008	
-1 -73.869347	2.644604e+01	2.130234e+01	1.928757e+01	5.833255e-01	1.459173e-01	7.213656e-01	-1.289263e+00	7.431967e-05	2.532988e-03	0.992069	
-1 -72.864322	2.605163e+01	2.097077e+01	1.898721e+01	5.833643e-01	1.459249e-01	7.213769e-01	-1.271722e+00	7.432952e-05	2.532813e-03	0.992132	
-1 -71.859296	2.564880e+01	2.063330e+01	1.868128e+01	5.834038e-01	1.459330e-01	7.213893e-01	-1.254181e+00	7.433961e-05	2.532638e-03	0.992197	
-1 -70.854271	2.523787e+01	2.029018e+01	1.837002e+01	5.834440e-01	1.459417e-01	7.214028e-01	-1.236640e+00	7.434991e-05	2.532464e-03	0.992263	
-1 -69.849246	2.481917e+01	1.994165e+01	1.805367e+01	5.834849e-01	1.459510e-01	7.214173e-01	-1.219099e+00	7.436042e-05	2.532291e-03	0.992331	
-1 -68.844221	2.439303e+01	1.958797e+01	1.773247e+01	5.835263e-01	1.459609e-01	7.214329e-01	-1.201558e+00	7.437113e-05	2.532118e-03	0.992399	
-1 -67.839196	2.395980e+01	1.922940e+01	1.740665e+01	5.835684e-01	1.459714e-01	7.214495e-01	-1.184017e+00	7.438204e-05	2.531947e-03	0.992470	
-1 -66.834171	2.351984e+01	1.886620e+01	1.707649e+01	5.836110e-01	1.459824e-01	7.214673e-01	-1.166476e+00	7.439313e-05	2.531776e-03	0.992541	
-1 -65.829146	2.307351e+01	1.849865e+01	1.674222e+01	5.836541e-01	1.459941e-01	7.214862e-01	-1.148935e+00	7.440439e-05	2.531606e-03	0.992614	
-1 -64.824121	2.262117e+01	1.812703e+01	1.640412e+01	5.836977e-01	1.460064e-01	7.215062e-01	-1.131394e+00	7.441583e-05	2.531437e-03	0.992689	
-1 -63.819095	2.216321e+01	1.775161e+01	1.606246e+01	5.837417e-01	1.460192e-01	7.215274e-01	-1.113853e+00	7.442742e-05	2.531269e-03	0.992765	
-1 -62.814070	2.170001e+01	1.737268e+01	1.571750e+01	5.837862e-01	1.460327e-01	7.215498e-01	-1.096312e+00	7.443915e-05	2.531101e-03	0.992842	
-1 -61.809045	2.123196e+01	1.699055e+01	1.536953e+01	5.838310e-01	1.460467e-01	7.215734e-01	-1.078771e+00	7.445103e-05	2.530935e-03	0.992921	
-1 -60.804020	2.075946e+01	1.660550e+01	1.501882e+01	5.838762e-01	1.460614e-01	7.215981e-01	-1.061230e+00	7.446303e-05	2.530770e-03	0.993001	
-1 -59.798995	2.028291e+01	1.621783e+01	1.466567e+01	5.839216e-01	1.460766e-01	7.216241e-01	-1.043689e+00	7.447515e-05	2.530606e-03	0.993082	
-1 -58.793970	1.980272e+01	1.582786e+01	1.431036e+01	5.839673e-01	1.460925e-01	7.216514e-01	-1.026148e+00	7.448737e-05	2.530443e-03	0.993165	
-1 -57.788945	1.931930e+01	1.543589e+01	1.395318e+01	5.840132e-01	1.461089e-01	7.216799e-01	-1.008607e+00	7.449970e-05	2.530281e-03	0.993249	
-1 -56.783920	1.883309e+01	1.504223e+01	1.359444e+01	5.840594e-01	1.461260e-01	7.217097e-01	-9.910664e-01	7.451210e-05	2.530121e-03	0.993334	
-1 -55.778894	1.834449e+01	1.464720e+01	1.323443e+01	5.841056e-01	1.461437e-01	7.217408e-01	-9.735254e-01	7.452458e-05	2.529962e-03	0.993420	
-1 -54.773869	1.785394e+01	1.425112e+01	1.287345e+01	5.841519e-01	1.461619e-01	7.217733e-01	-9.559844e-01	7.453713e-05	2.529804e-03	0.993508	
-1 -53.768844	1.736187e+01	1.385431e+01	1.251181e+01	5.841983e-01	1.461808e-01	7.218070e-01	-9.384434e-01	7.454973e-05	2.529647e-03	0.993598	
-1 -52.763819	1.686872e+01	1.345710e+01	1.214981e+01	5.842448e-01	1.462003e-01	7.218422e-01	-9.209024e-01	7.456237e-05	2.529491e-03	0.993688	
-1 -51.758794	1.637492e+01	1.305981e+01	1.178777e+01	5.842912e-01	1.462204e-01	7.218787e-01	-9.033614e-01	7.457503e-05	2.529337e-03	0.993780	
-1 -50.753769	1.588092e+01	1.266277e+01	1.142600e+01	5.843375e-01	1.462411e-01	7.219166e-01	-8.858204e-01	7.458772e-05	2.529185e-03	0.993873	
-1 -49.748744	1.538715e+01	1.226631e+01	1.106480e+01	5.843837e-01	1.462624e-01	7.219560e-01	-8.682794e-01	7.460041e-05	2.529033e-03	0.993967	
-1 -48.743719	1.489406e+01	1.187076e+01	1.070450e+01	5.844298e-01	1.462843e-01	7.219968e-01	-8.507384e-01	7.461310e-05	2.528884e-03	0.994063	
-1 -47.738693	1.440211e+01	1.147646e+01	1.034539e+01	5.844756e-01	1.463068e-01	7.220391e-01	-8.331974e-01	7.462578e-05	2.528735e-03	0.994160	
-1 -46.733668	1.391172e+01	1.108374e+01	9.987809e+00	5.845213e-01	1.463299e-01	7.220828e-01	-8.156564e-01	7.463842e-05	2.528589e-03	0.994258	
-1 -45.728643	1.342336e+01	1.069293e+01	9.632056e+00	5.845667e-01	1.463536e-01	7.221280e-01	-7.981154e-01	7.465103e-05	2.528443e-03	0.994357	
-1 -44.723618	1.293746e+01	1.030437e+01	9.278450e+00	5.846117e-01	1.463779e-01	7.221748e-01	-7.805744e-01	7.466358e-05	2.528300e-03	0.994458	
-1 -43.718593	1.245448e+01	9.918394e+00	8.927302e+00	5.846564e-01	1.464029e-01	7.222231e-01	-7.630334e-01	7.467607e-05	2.528158e-03	0.994560	
-1 -42.713568	1.197485e+01	9.535333e+00	8.578926e+00	5.847007e-01	1.464284e-01	7.222730e-01	-7.454924e-01	7.468848e-05	2.528017e-03	0.994663	
-1 -41.708543	1.149903e+01	9.155520e+00	8.233634e+00	5.847445e-01	1.464545e-01	7.223244e-01	-7.279514e-01	7.470081e-05	2.527879e-03	0.994767	
-1 -40.703518	1.102745e+01	8.779288e+00	7.891734e+00	5.847878e-01	1.464812e-01	7.223774e-01	-7.104104e-01	7.471304e-05	2.527742e-03	0.994872	
-1 -39.698492	1.056055e+01	8.406968e+00	7.553534e+00	5.848306e-01	1.465085e-01	7.224321e-01	-6.928694e-01	7.472516e-05	2.527607e-03	0.994979	
-1 -38.693467	1.009877e+01	8.038890e+00	7.219342e+00	5.848729e-01	1.465364e-01	7.224884e-01	-6.753284e-01	7.473716e-05	2.527473e-03	0.995087	
-1 -37.688442	9.642549e+00	7.675379e+00	6.889458e+00	5.849145e-01	1.465649e-01	7.225463e-01	-6.577874e-01	7.474902e-05	2.527342e-03	0.995196	
-1 -36.683417	9.192308e+00	7.316762e+00	6.564185e+00	5.849555e-01	1.465940e-01	7.226059e-01	-6.402464e-01	7.476073e-05	2.527212e-03	0.995306	
-1 -35.678392	8.748476e+00	6.963360e+00	6.243818e+00	5.849958e-01	1.466236e-01	7.226671e-01	-6.227054e-01	7.477229e-05	2.527084e-03	0.995417	
-1 -34.673367	8.311474e+00	6.615493e+00	5.928652e+00	5.850353e-01	1.466538e-01	7.227301e-01	-6.051644e-01	7.478368e-05	2.526958e-03	0.995529	
-1 -33.668342	7.881717e+00	6.273476e+00	5.618976e+00	5.850741e-01	1.466846e-01	7.227947e-01	-5.876234e-01	7.479489e-05	2.526834e-03	0.995643	
-1 -32.663317	7.459617e+00	5.937622e+00	5.315075e+00	5.851120e-01	1.467160e-01	7.228611e-01	-5.700824e-01	7.480591e-05	2.526712e-03	0.995758	
-1 -31.658291	7.045578e+00	5.608241e+00	5.017231e+00	5.851491e-01	1.467479e-01	7.229293e-01	-5.525414e-01	7.481672e-05	2.526592e-03	0.995874	
-1 -30.653266	6.639999e+00	5.285635e+00	4.725718e+00	5.851853e-01	1.467804e-01	7.229991e-01	-5.350004e-01	7.482733e-05	2.526474e-03	0.995990	
-1 -29.648241	6.243269e+00	4.970104e+00	4.440808e+00	5.852205e-01	1.468135e-01	7.230708e-01	-5.174594e-01	7.483770e-05	2.526357e-03	0.996108	
-1 -28.643216	5.855775e+00	4.661944e+00	4.162766e+00	5.852548e-01	1.468470e-01	7.231442e-01	-4.999184e-01	7.484784e-05	2.526243e-03	0.996228	
-1 -27.638191	5.477892e+00	4.361444e+00	3.891851e+00	5.852881e-01	1.468812e-01	7.232194e-01	-4.823774e-01	7.485774e-05	2.526132e-03	0.996348	
-1 -26.633166	5.109988e+00	4.068887e+00	3.628315e+00	5.853204e-01	1.469159e-01	7.232964e-01	-4.648364e-01	7.486737e-05	2.526022e-03	0.996469	
-1 -25.628141	4.752423e+00	3.784552e+00	3.372405e+00	5.853516e-01	1.469511e-01	7.233752e-01	-4.472954e-01	7.487674e-05	2.525914e-03	0.996591	
-1 -24.623116	4.405547e+00	3.508710e+00	3.124360e+00	5.853816e-01	1.469868e-01	7.234558e-01	-4.297544e-01	7.488584e-05	2.525809e-03	0.996714	
-1 -23.618090	4.069703e+00	3.241626e+00	2.884412e+00	5.854106e-01	1.470230e-01	7.235383e-01	-4.122134e-01	7.489465e-05	2.525706e-03	0.996839	
-1 -22.613065	3.745221e+00	2.983559e+00	2.652786e+00	5.854383e-01	1.470598e-01	7.236226e-01	-3.946724e-01	7.490316e-05	2.525605e-03	0.996964	
-1 -21.608040	3.432423e+00	2.734760e+00	2.429697e+00	5.854649e-01	1.470970e-01	7.237087e-01	-3.771314e-01	7.491136e-05	2.525506e-03	0.997090	
-1 -20.603015	3.131618e+00	2.495472e+00	2.215355e+00	5.854902e-01	1.471348e-01	7.237966e-01	-3.595904e-01	7.491925e-05	2.525410e-03	0.997217	
-1 -19.597990	2.843106e+00	2.265930e+00	2.009959e+00	5.855142e-01	1.471730e-01	7.238864e-01	-3.420495e-01	7.492682e-05	2.525316e-03	0.997345	
-1 -18.592965	2.567176e+00	2.046361e+00	1.813700e+00	5.855370e-01	1.472117e-01	7.239781e-01	-3.245085e-01	7.493405e-05	2.525225e-03	0.997474	
-1 -17.587940	2.304103e+00	1.836985e+00	1.626760e+00	5.855584e-01	1.472509e-01	7.240715e-01	-3.069675e-01	7.494095e-05	2.525136e-03	0.997604	
-1 -16.582915	2.054150e+00	1.638011e+00	1.449312e+00	5.855785e-01	1.472905e-01	7.241669e-01	-2.894265e-01	7.494750e-05	2.525049e-03	0.997735	
-1 -15.577889	1.817570e+00	1.449640e+00	1.281517e+00	5.855972e-01	1.473306e-01	7.242641e-01	-2.718855e-01	7.495369e-05	2.524965e-03	0.997867	
-1 -14.572864	1.594600e+00	1.272064e+00	1.123530e+00	5.856146e-01	1.473711e-01	7.243631e-01	-2.543445e-01	7.495952e-05	2.524883e-03	0.997999	
-1 -13.567839	1.385466e+00	1.105463e+00	9.754919e-01	5.856305e-01	1.474120e-01	7.244639e-01	-2.368035e-01	7.496498e-05	2.524804e-03	0.998133	
-1 -12.562814	1.190378e+00	9.500094e-01	8.375360e-01	5.856450e-01	1.474534e-01	7.245666e-01	-2.192625e-01	7.497007e-05	2.524728e-03	0.998267	
-1 -11.557789	1.009534e+00	8.058642e-01	7.097834e-01	5.856581e-01	1.474951e-01	7.246711e-01	-2.017215e-01	7.497477e-05	2.524654e-03	0.998402	
-1 -10.552764	8.431177e-01	6.731778e-01	5.923447e-01	5.856696e-01	1.475373e-01	7.247775e-01	-1.841805e-01	7.497909e-05	2.524582e-03	0.998537	
-1 -9.547739	6.912965e-01	5.520898e-01	4.853192e-01	5.856797e-01	1.475798e-01	7.248856e-01	-1.666395e-01	7.498301e-05	2.524514e-03	0.998674	
-1 -8.542714	5.542245e-01	4.427287e-01	3.887952e-01	5.856884e-01	1.476227e-01	7.249955e-01	-1.490985e-01	7.498654e-05	2.524448e-03	0.998811	
-1 -7.537688	4.320400e-01	3.452115e-01	3.028491e-01	5.856955e-01	1.476659e-01	7.251072e-01	-1.315575e-01	7.498966e-05	2.524385e-03	0.998949	
-1 -6.532663	3.248660e-01	2.596435e-01	2.275458e-01	5.857011e-01	1.477095e-01	7.252207e-01	-1.140165e-01	7.499238e-05	2.524324e-03	0.999087	
-1 -5.527638	2.328098e-01	1.861182e-01	1.629383e-01	5.857051e-01	1.477534e-01	7.253360e-01	-9.647549e-02	7.499469e-05	2.524266e-03	0.999226	
-1 -4.522613	1.559629e-01	1.247170e-01	1.090675e-01	5.857076e-01	1.477976e-01	7.254529e-01	-7.893449e-02	7.499659e-05	2.524212e-03	0.999366	
-1 -3.517588	9.440048e-02	7.550887e-02	6.596224e-02	5.857086e-01	1.478421e-01	7.255716e-01	-6.139349e-02	7.499808e-05	2.524159e-03	0.999506	
-1 -2.512563	4.818162e-02	3.855019e-02	3.363911e-02	5.857081e-01	1.478869e-01	7.256920e-01	-4.385249e-02	7.499915e-05	2.524110e-03	0.999646	
-1 -1.507538	1.734875e-02	1.388471e-02	1.210231e-02	5.857060e-01	1.479319e-01	7.258140e-01	-2.631150e-02	7.499980e-05	2.524064e-03	0.999788	
-1 -0.502513	1.927661e-03	1.543209e-03	1.343576e-03	5.857024e-01	1.479772e-01	7.259377e-01	-8.770499e-03	7.500004e-05	2.524021e-03	0.999929	
-1 0.502513	1.927329e-03	1.543396e-03	1.342190e-03	5.856972e-01	1.480228e-01	7.260632e-01	8.770499e-03	7.499985e-05	2.523980e-03	1.000071	
-1 1.507538	1.733978e-02	1.388975e-02	1.206486e-02	5.856905e-01	1.480685e-01	7.261899e-01	2.631150e-02	7.499925e-05	2.523943e-03	1.000213	
-1 2.512563	4.813999e-02	3.857336e-02	3.346575e-02	5.856823e-01	1.481145e-01	7.263183e-01	4.385249e-02	7.499823e-05	2.523908e-03	1.000356	
-1 3.517588	9.428579e-02	7.557186e-02	6.548642e-02	5.856725e-01	1.481606e-01	7.264483e-01	6.139349e-02	7.499680e-05	2.523877e-03	1.000499	
-1 4.522613	1.557178e-01	1.248493e-01	1.080559e-01	5.856612e-01	1.482069e-01	7.265798e-01	7.893449e-02	7.499495e-05	2.523849e-03	1.000642	
-1 5.527638	2.323593e-01	1.863559e-01	1.610907e-01	5.856485e-01	1.482534e-01	7.267126e-01	9.647549e-02	7.499268e-05	2.523823e-03	1.000786	
-1 6.532663	3.241165e-01	2.600284e-01	2.244948e-01	5.856342e-01	1.483000e-01	7.268470e-01	1.140165e-01	7.499001e-05	2.523801e-03	1.000929	
-1 7.537688	4.308780e-01	3.457895e-01	2.981598e-01	5.856185e-01	1.483467e-01	7.269826e-01	1.315575e-01	7.498693e-05	2.523783e-03	1.001073	
-1 8.542714	5.525155e-01	4.435483e-01	3.819651e-01	5.856013e-01	1.483935e-01	7.271196e-01	1.490985e-01	7.498344e-05	2.523767e-03	1.001217	
-1 9.547739	6.888832e-01	5.531997e-01	4.757779e-01	5.855827e-01	1.484404e-01	7.272579e-01	1.666395e-01	7.497956e-05	2.523754e-03	1.001361	
-1 10.552764	8.398182e-01	6.746251e-01	5.794531e-01	5.855627e-01	1.484873e-01	7.273974e-01	1.841805e-01	7.497529e-05	2.523745e-03	1.001504	
-1 11.557789	1.005141e+00	8.076920e-01	6.928342e-01	5.855413e-01	1.485343e-01	7.275381e-01	2.017215e-01	7.497063e-05	2.523739e-03	1.001648	
-1 12.562814	1.184654e+00	9.522540e-01	8.157525e-01	5.855185e-01	1.485813e-01	7.276799e-01	2.192625e-01	7.496559e-05	2.523736e-03	1.001792	
-1 13.567839	1.378143e+00	1.108151e+00	9.480280e-01	5.854944e-01	1.486283e-01	7.278228e-01	2.368035e-01	7.496017e-05	2.523737e-03	1.001935	
-1 14.572864	1.585380e+00	1.275210e+00	1.089470e+00	5.854689e-01	1.486753e-01	7.279667e-01	2.543445e-01	7.495439e-05	2.523741e-03	1.002079	
-1 15.577889	1.806116e+00	1.453243e+00	1.239875e+00	5.854422e-01	1.487223e-01	7.281116e-01	2.718855e-01	7.494825e-05	2.523748e-03	1.002222	
-1 16.582915	2.040089e+00	1.642050e+00	1.399031e+00	5.854143e-01	1.487692e-01	7.282574e-01	2.894265e-01	7.494175e-05	2.523758e-03	1.002364	
-1 17.587940	2.287019e+00	1.841418e+00	1.566714e+00	5.853851e-01	1.488160e-01	7.284040e-01	3.069675e-01	7.493492e-05	2.523772e-03	1.002507	
-1 18.592965	2.546613e+00	2.051119e+00	1.742691e+00	5.853548e-01	1.488627e-01	7.285514e-01	3.245085e-01	7.492775e-05	2.523790e-03	1.002649	
-1 19.597990	2.818559e+00	2.270914e+00	1.926718e+00	5.853233e-01	1.489093e-01	7.286994e-01	3.420495e-01	7.492026e-05	2.523810e-03	1.002790	
-1 20.603015	3.102534e+00	2.500551e+00	2.118541e+00	5.852907e-01	1.489558e-01	7.288482e-01	3.595904e-01	7.491245e-05	2.523835e-03	1.002931	
-1 21.608040	3.398195e+00	2.739766e+00	2.317899e+00	5.852571e-01	1.490021e-01	7.289974e-01	3.771314e-01	7.490434e-05	2.523862e-03	1.003071	
-1 22.613065	3.705190e+00	2.988282e+00	2.524521e+00	5.852224e-01	1.490483e-01	7.291472e-01	3.946724e-01	7.489594e-05	2.523893e-03	1.003211	
-1 23.618090	4.023149e+00	3.245811e+00	2.738127e+00	5.851868e-01	1.490942e-01	7.292974e-01	4.122134e-01	7.488726e-05	2.523928e-03	1.003350	
-1 24.623116	4.351692e+00	3.512054e+00	2.958430e+00	5.851502e-01	1.491400e-01	7.294479e-01	4.297544e-01	7.487831e-05	2.523966e-03	1.003488	
-1 25.628141	4.690422e+00	3.786698e+00	3.185136e+00	5.851127e-01	1.491855e-01	7.295987e-01	4.472954e-01	7.486911e-05	2.524008e-03	1.003625	
-1 26.633166	5.038931e+00	4.069423e+00	3.417941e+00	5.850745e-01	1.492307e-01	7.297496e-01	4.648364e-01	7.485967e-05	2.524053e-03	1.003761	
-1 27.638191	5.396801e+00	4.359898e+00	3.656538e+00	5.850354e-01	1.492757e-01	7.299007e-01	4.823774e-01	7.484999e-05	2.524102e-03	1.003897	
-1 28.643216	5.763599e+00	4.657779e+00	3.900612e+00	5.849955e-01	1.493204e-01	7.300518e-01	4.999184e-01	7.484010e-05	2.524154e-03	1.004031	
-1 29.648241	6.138883e+00	4.962716e+00	4.149843e+00	5.849550e-01	1.493647e-01	7.302027e-01	5.174594e-01	7.483000e-05	2.524210e-03	1.004164	
-1 30.653266	6.522200e+00	5.274348e+00	4.403904e+00	5.849138e-01	1.494088e-01	7.303535e-01	5.350004e-01	7.481972e-05	2.524269e-03	1.004296	
-1 31.658291	6.913086e+00	5.592307e+00	4.662467e+00	5.848721e-01	1.494524e-01	7.305041e-01	5.525414e-01	7.480926e-05	2.524332e-03	1.004427	
-1 32.663317	7.311068e+00	5.916215e+00	4.925196e+00	5.848298e-01	1.494957e-01	7.306543e-01	5.700824e-01	7.479864e-05	2.524399e-03	1.004557	
-1 33.668342	7.715667e+00	6.245688e+00	5.191753e+00	5.847870e-01	1.495387e-01	7.308041e-01	5.876234e-01	7.478788e-05	2.524469e-03	1.004685	
-1 34.673367	8.126393e+00	6.580333e+00	5.461797e+00	5.847438e-01	1.495811e-01	7.309533e-01	6.051644e-01	7.477698e-05	2.524543e-03	1.004812	
-1 35.678392	8.542748e+00	6.919754e+00	5.734984e+00	5.847002e-01	1.496232e-01	7.311019e-01	6.227054e-01	7.476597e-05	2.524620e-03	1.004937	
-1 36.683417	8.964231e+00	7.263545e+00	6.010969e+00	5.846562e-01	1.496648e-01	7.312498e-01	6.402464e-01	7.475486e-05	2.524701e-03	1.005061	
-1 37.688442	9.390330e+00	7.611298e+00	6.289404e+00	5.846120e-01	1.497060e-01	7.313969e-01	6.577874e-01	7.474366e-05	2.524785e-03	1.005183	
-1 38.693467	9.820533e+00	7.962598e+00	6.569941e+00	5.845676e-01	1.497466e-01	7.315430e-01	6.753284e-01	7.473240e-05	2.524873e-03	1.005304	
-1 39.698492	1.025432e+01	8.317027e+00	6.852230e+00	5.845230e-01	1.497868e-01	7.316881e-01	6.928694e-01	7.472108e-05	2.524965e-03	1.005422	
-1 40.703518	1.069117e+01	8.674163e+00	7.135924e+00	5.844783e-01	1.498264e-01	7.318321e-01	7.104104e-01	7.470972e-05	2.525060e-03	1.005539	
-1 41.708543	1.113055e+01	9.033582e+00	7.420673e+00	5.844336e-01	1.498655e-01	7.319748e-01	7.279514e-01	7.469833e-05	2.525159e-03	1.005654	
-1 42.713568	1.157194e+01	9.394857e+00	7.706132e+00	5.843888e-01	1.499041e-01	7.321162e-01	7.454924e-01	7.468694e-05	2.525261e-03	1.005767	
-1 43.718593	1.201480e+01	9.757559e+00	7.991955e+00	5.843441e-01	1.499420e-01	7.322562e-01	7.630334e-01	7.467555e-05	2.525366e-03	1.005878	
-1 44.723618	1.245861e+01	1.012126e+01	8.277798e+00	5.842995e-01	1.499794e-01	7.323947e-01	7.805744e-01	7.466418e-05	2.525476e-03	1.005987	
-1 45.728643	1.290284e+01	1.048553e+01	8.563321e+00	5.842551e-01	1.500162e-01	7.325315e-01	7.981154e-01	7.465286e-05	2.525588e-03	1.006094	
-1 46.733668	1.334695e+01	1.084994e+01	8.848188e+00	5.842109e-01	1.500523e-01	7.326666e-01	8.156564e-01	7.464158e-05	2.525704e-03	1.006199	
-1 47.738693	1.379042e+01	1.121406e+01	9.132064e+00	5.841669e-01	1.500879e-01	7.327998e-01	8.331974e-01	7.463037e-05	2.525824e-03	1.006301	
-1 48.743719	1.423273e+01	1.157746e+01	9.414622e+00	5.841232e-01	1.501227e-01	7.329311e-01	8.507384e-01	7.461924e-05	2.525947e-03	1.006401	
-1 49.748744	1.467334e+01	1.193973e+01	9.695535e+00	5.840799e-01	1.501569e-01	7.330604e-01	8.682794e-01	7.460820e-05	2.526073e-03	1.006499	
-1 50.753769	1.511174e+01	1.230044e+01	9.974486e+00	5.840370e-01	1.501905e-01	7.331875e-01	8.858204e-01	7.459728e-05	2.526203e-03	1.006594	
-1 51.758794	1.554742e+01	1.265917e+01	1.025116e+01	5.839946e-01	1.502233e-01	7.333123e-01	9.033614e-01	7.458648e-05	2.526336e-03	1.006687	
-1 52.763819	1.597987e+01	1.301552e+01	1.052525e+01	5.839526e-01	1.502554e-01	7.334348e-01	9.209024e-01	7.457581e-05	2.526473e-03	1.006777	
-1 53.768844	1.640858e+01	1.336907e+01	1.079645e+01	5.839112e-01	1.502868e-01	7.335548e-01	9.384434e-01	7.456529e-05	2.526612e-03	1.006864	
-1 54.773869	1.683307e+01	1.371943e+01	1.106446e+01	5.838694e-01	1.503148e-01	7.336949e-01	9.559844e-01	7.455499e-05	2.526756e-03	1.006949	
-1 55.778894	1.725284e+01	1.406619e+01	1.132902e+01	5.838292e-01	1.503446e-01	7.338104e-01	9.735254e-01	7.454482e-05	2.526902e-03	1.007031	
-1 56.783920	1.766742e+01	1.440898e+01	1.158983e+01	5.837897e-01	1.503737e-01	7.339231e-01	9.910664e-01	7.453483e-05	2.527051e-03	1.007110	
-1 57.788945	1.807634e+01	1.474741e+01	1.184662e+01	5.837509e-01	1.504020e-01	7.340329e-01	1.008607e+00	7.452504e-05	2.527204e-03	1.007186	
-1 58.793970	1.847913e+01	1.508111e+01	1.209914e+01	5.837129e-01	1.504296e-01	7.341398e-01	1.026148e+00	7.451546e-05	2.527360e-03	1.007260	
-1 59.798995	1.887536e+01	1.540972e+01	1.234712e+01	5.836756e-01	1.504563e-01	7.342437e-01	1.043689e+00	7.450610e-05	2.527518e-03	1.007330	
-1 60.804020	1.926458e+01	1.573288e+01	1.259031e+01	5.836392e-01	1.504822e-01	7.343445e-01	1.061230e+00	7.449698e-05	2.527680e-03	1.007397	
-1 61.809045	1.964636e+01	1.605025e+01	1.282850e+01	5.836036e-01	1.505074e-01	7.344420e-01	1.078771e+00	7.448810e-05	2.527845e-03	1.007462	
-1 62.814070	2.002030e+01	1.636150e+01	1.306144e+01	5.835690e-01	1.505317e-01	7.345363e-01	1.096312e+00	7.447947e-05	2.528012e-03	1.007523	
-1 63.819095	2.038600e+01	1.666631e+01	1.328893e+01	5.835352e-01	1.505551e-01	7.346271e-01	1.113853e+00	7.447109e-05	2.528183e-03	1.007581	
-1 64.824121	2.074307e+01	1.696437e+01	1.351075e+01	5.835024e-01	1.505778e-01	7.347145e-01	1.131394e+00	7.446300e-05	2.528356e-03	1.007636	
-1 65.829146	2.109114e+01	1.725538e+01	1.372671e+01	5.834706e-01	1.505996e-01	7.347984e-01	1.148935e+00	7.445517e-05	2.528533e-03	1.007688	
-1 66.834171	2.142985e+01	1.753905e+01	1.393663e+01	5.834398e-01	1.506205e-01	7.348787e-01	1.166476e+00	7.444764e-05	2.528711e-03	1.007736	
-1 67.839196	2.175887e+01	1.781512e+01	1.414032e+01	5.834101e-01	1.506406e-01	7.349553e-01	1.184017e+00	7.444039e-05	2.528893e-03	1.007781	
-1 68.844221	2.207787e+01	1.808332e+01	1.433764e+01	5.833813e-01	1.506598e-01	7.350281e-01	1.201558e+00	7.443345e-05	2.529077e-03	1.007823	
-1 69.849246	2.238654e+01	1.834340e+01	1.452841e+01	5.833537e-01	1.506781e-01	7.350971e-01	1.219099e+00	7.442681e-05	2.529264e-03	1.007862	
-1 70.854271	2.268460e+01	1.859515e+01	1.471251e+01	5.833271e-01	1.506955e-01	7.351623e-01	1.236640e+00	7.442048e-05	2.529453e-03	1.007897	
-1 71.859296	2.297176e+01	1.883834e+01	1.488980e+01	5.833016e-01	1.507121e-01	7.352235e-01	1.254181e+00	7.441447e-05	2.529644e-03	1.007928	
-1 72.864322	2.324777e+01	1.907277e+01	1.506016e+01	5.832773e-01	1.507277e-01	7.352807e-01	1.271722e+00	7.440878e-05	2.529838e-03	1.007956	
-1 73.869347	2.351239e+01	1.929825e+01	1.522348e+01	5.832541e-01	1.507425e-01	7.353339e-01	1.289263e+00	7.440342e-05	2.530035e-03	1.007981	
-1 74.874372	2.376541e+01	1.951462e+01	1.537967e+01	5.832320e-01	1.507564e-01	7.353830e-01	1.306804e+00	7.439838e-05	2.530233e-03	1.008002	
-1 75.879397	2.400661e+01	1.972171e+01	1.552864e+01	5.832111e-01	1.507693e-01	7.354280e-01	1.324345e+00	7.439367e-05	2.530434e-03	1.008019	
-1 76.884422	2.423583e+01	1.991938e+01	1.567032e+01	5.831914e-01	1.507813e-01	7.354688e-01	1.341886e+00	7.438930e-05	2.530636e-03	1.008033	
-1 77.889447	2.445289e+01	2.010752e+01	1.580464e+01	5.831728e-01	1.507924e-01	7.355054e-01	1.359427e+00	7.438527e-05	2.530841e-03	1.008044	
-1 78.894472	2.465765e+01	2.028601e+01	1.593156e+01	5.831554e-01	1.508026e-01	7.355378e-01	1.376968e+00	7.438157e-05	2.531047e-03	1.008050	
-1 79.899497	2.484998e+01	2.045476e+01	1.605104e+01	5.831392e-01	1.508119e-01	7.355659e-01	1.394509e+00	7.437821e-05	2.531255e-03	1.008054	
-1 80.904523	2.502978e+01	2.061369e+01	1.616304e+01	5.831241e-01	1.508202e-01	7.355898e-01	1.412050e+00	7.437520e-05	2.531466e-03	1.008053	
-1 81.909548	2.519697e+01	2.076275e+01	1.626756e+01	5.831103e-01	1.508277e-01	7.356094e-01	1.429591e+00	7.437251e-05	2.531677e-03	1.008049	
-1 82.914573	2.535146e+01	2.090188e+01	1.636458e+01	5.830976e-01	1.508341e-01	7.356247e-01	1.447132e+00	7.437017e-05	2.531891e-03	1.008041	
-1 83.919598	2.549322e+01	2.103106e+01	1.645411e+01	5.830861e-01	1.508397e-01	7.356356e-01	1.464673e+00	7.436817e-05	2.532105e-03	1.008030	
-1 84.924623	2.562222e+01	2.115027e+01	1.653617e+01	5.830757e-01	1.508443e-01	7.356423e-01	1.482214e+00	7.436650e-05	2.532321e-03	1.008015	
-1 85.929648	2.573844e+01	2.125953e+01	1.661078e+01	5.830665e-01	1.508480e-01	7.356447e-01	1.499755e+00	7.436516e-05	2.532539e-03	1.007996	
-1 86.934673	2.584191e+01	2.135884e+01	1.667799e+01	5.830585e-01	1.508508e-01	7.356428e-01	1.517296e+00	7.436416e-05	2.532758e-03	1.007974	
-1 87.939698	2.593264e+01	2.144824e+01	1.673784e+01	5.830515e-01	1.508526e-01	7.356365e-01	1.534837e+00	7.436349e-05	2.532978e-03	1.007948	
-1 88.944724	2.601068e+01	2.152779e+01	1.679039e+01	5.830458e-01	1.508535e-01	7.356261e-01	1.552378e+00	7.436314e-05	2.533198e-03	1.007918	
-1 89.949749	2.607611e+01	2.159754e+01	1.683572e+01	5.830411e-01	1.508534e-01	7.356113e-01	1.569919e+00	7.436311e-05	2.533420e-03	1.007885	
-1 90.954774	2.612900e+01	2.165758e+01	1.687389e+01	5.830376e-01	1.508524e-01	7.355924e-01	1.587460e+00	7.436339e-05	2.533643e-03	1.007848	
-1 91.959799	2.616946e+01	2.170800e+01	1.690500e+01	5.830351e-01	1.508505e-01	7.355692e-01	1.605001e+00	7.436399e-05	2.533866e-03	1.007808	
-1 92.964824	2.619761e+01	2.174891e+01	1.692916e+01	5.830337e-01	1.508476e-01	7.355419e-01	1.622542e+00	7.436490e-05	2.534091e-03	1.007764	
-1 93.969849	2.621360e+01	2.178043e+01	1.694646e+01	5.830334e-01	1.508439e-01	7.355104e-01	1.640083e+00	7.436611e-05	2.534315e-03	1.007716	
-1 94.974874	2.621757e+01	2.180271e+01	1.695702e+01	5.830340e-01	1.508392e-01	7.354749e-01	1.657624e+00	7.436761e-05	2.534540e-03	1.007665	
-1 95.979899	2.620970e+01	2.181588e+01	1.696098e+01	5.830357e-01	1.508335e-01	7.354353e-01	1.675165e+00	7.436941e-05	2.534766e-03	1.007611	
-1 96.984925	2.619019e+01	2.182012e+01	1.695846e+01	5.830384e-01	1.508270e-01	7.353918e-01	1.692706e+00	7.437148e-05	2.534992e-03	1.007553	
-1 97.989950	2.615923e+01	2.181561e+01	1.694962e+01	5.830421e-01	1.508195e-01	7.353443e-01	1.710247e+00	7.437384e-05	2.535218e-03	1.007491	
-1 98.994975	2.611705e+01	2.180252e+01	1.693459e+01	5.830463e-01	1.508078e-01	7.353209e-01	1.727788e+00	7.437649e-05	2.535443e-03	1.007426	
1 100.000000	2.606389e+01	2.178106e+01	1.691355e+01	5.830518e-01	1.507984e-01	7.352668e-01	1.745329e+00	7.437937e-05	2.535669e-03	1.007357	
0 360.000000	2.524000e-03	7.500000e-05	3.379785e-13	5.857000e-01	1.480000e-01	7.260000e-01	3.142037e-09	7.500000e-05	2.524000e-03	1.000000	

# Fri Mar 10 15:11:18 2017
##### FINIS #####
