# This file was created by 'globes-accuracy 3.1.11' using GLoBES 3.2.13
# The command line was
# ../cdr_testsetup/myacc -A1 -X-1.5,-0.7 -R200 -p0.5857,0.148,0.785,0.0,0.000075,0.002524 -E0.023,0.0,0.058,0.0,0.024,0.016 -F -d 0.02 -DNUTIME=0.584112149533 -DNUBARTIME=0.584112149533 dune_optimized_long.glb data/resth13_optimized_long_223hi_no_exp50 
#
# Wed Jan 25 05:30:30 2017

------ solution #1 out of 1 ------
-1 -1.500000	1.004155e+02	9.571502e+01	5.922513e+01	5.875161e-01	8.938939e-02	8.392985e-01	4.918490e+00	7.557445e-05	2.539967e-03	1.003733	
-1 -1.495980	9.895822e+01	9.432649e+01	5.816630e+01	5.874873e-01	8.980857e-02	8.392611e-01	4.921575e+00	7.556590e-05	2.539899e-03	1.003687	
-1 -1.491960	9.750457e+01	9.294120e+01	5.711361e+01	5.874586e-01	9.022977e-02	8.392209e-01	4.924749e+00	7.555736e-05	2.539830e-03	1.003640	
-1 -1.487940	9.605467e+01	9.155928e+01	5.606720e+01	5.874299e-01	9.065299e-02	8.391779e-01	4.928015e+00	7.554883e-05	2.539759e-03	1.003593	
-1 -1.483920	9.460868e+01	9.018088e+01	5.502719e+01	5.874012e-01	9.107823e-02	8.391319e-01	4.931376e+00	7.554030e-05	2.539686e-03	1.003545	
-1 -1.479899	9.316672e+01	8.880613e+01	5.399371e+01	5.873726e-01	9.150552e-02	8.390829e-01	4.934836e+00	7.553178e-05	2.539611e-03	1.003496	
-1 -1.475879	9.172894e+01	8.743518e+01	5.296690e+01	5.873440e-01	9.193485e-02	8.390309e-01	4.938399e+00	7.552326e-05	2.539535e-03	1.003448	
-1 -1.471859	9.029549e+01	8.606818e+01	5.194688e+01	5.873155e-01	9.236625e-02	8.389758e-01	4.942069e+00	7.551476e-05	2.539456e-03	1.003398	
-1 -1.467839	8.886650e+01	8.470526e+01	5.093378e+01	5.872870e-01	9.279972e-02	8.389175e-01	4.945850e+00	7.550627e-05	2.539376e-03	1.003348	
-1 -1.463819	8.744213e+01	8.334658e+01	4.992775e+01	5.872586e-01	9.323526e-02	8.388561e-01	4.949747e+00	7.549779e-05	2.539294e-03	1.003298	
-1 -1.459799	8.602252e+01	8.199228e+01	4.892890e+01	5.872302e-01	9.367291e-02	8.387915e-01	4.953764e+00	7.548932e-05	2.539209e-03	1.003247	
-1 -1.455779	8.460781e+01	8.064251e+01	4.793737e+01	5.872019e-01	9.411265e-02	8.387236e-01	4.957907e+00	7.548087e-05	2.539123e-03	1.003196	
-1 -1.451759	8.319816e+01	7.929743e+01	4.695330e+01	5.871737e-01	9.455451e-02	8.386523e-01	4.962179e+00	7.547244e-05	2.539034e-03	1.003144	
-1 -1.447739	8.179372e+01	7.795718e+01	4.597680e+01	5.871456e-01	9.499850e-02	8.385777e-01	4.966587e+00	7.546403e-05	2.538943e-03	1.003092	
-1 -1.443719	8.039464e+01	7.662192e+01	4.500802e+01	5.871176e-01	9.544462e-02	8.384996e-01	4.971137e+00	7.545564e-05	2.538850e-03	1.003040	
-1 -1.439698	7.900107e+01	7.529181e+01	4.404709e+01	5.870896e-01	9.589288e-02	8.384180e-01	4.975832e+00	7.544727e-05	2.538754e-03	1.002987	
-1 -1.435678	7.761318e+01	7.396699e+01	4.309414e+01	5.870617e-01	9.634331e-02	8.383328e-01	4.980681e+00	7.543892e-05	2.538656e-03	1.002933	
-1 -1.431658	7.623111e+01	7.264763e+01	4.214929e+01	5.870340e-01	9.679591e-02	8.382440e-01	4.985688e+00	7.543060e-05	2.538556e-03	1.002880	
-1 -1.427638	7.485502e+01	7.133389e+01	4.121268e+01	5.870063e-01	9.725068e-02	8.381515e-01	4.990860e+00	7.542231e-05	2.538453e-03	1.002826	
-1 -1.423618	7.348508e+01	7.002592e+01	4.028444e+01	5.869788e-01	9.770765e-02	8.380553e-01	4.996204e+00	7.541405e-05	2.538348e-03	1.002771	
-1 -1.419598	7.212144e+01	6.872389e+01	3.936470e+01	5.869514e-01	9.816682e-02	8.379553e-01	5.001726e+00	7.540582e-05	2.538240e-03	1.002716	
-1 -1.415578	7.076428e+01	6.742796e+01	3.845358e+01	5.869242e-01	9.862820e-02	8.378514e-01	5.007434e+00	7.539762e-05	2.538129e-03	1.002661	
-1 -1.411558	6.941374e+01	6.613829e+01	3.755121e+01	5.868971e-01	9.909182e-02	8.377436e-01	5.013334e+00	7.538947e-05	2.538016e-03	1.002606	
-1 -1.407538	6.806999e+01	6.485504e+01	3.665772e+01	5.868701e-01	9.955766e-02	8.376318e-01	5.019435e+00	7.538135e-05	2.537900e-03	1.002550	
-1 -1.403518	6.673321e+01	6.357839e+01	3.577323e+01	5.868433e-01	1.000258e-01	8.375159e-01	5.025743e+00	7.537327e-05	2.537781e-03	1.002494	
-1 -1.399497	6.540357e+01	6.230851e+01	3.489787e+01	5.868166e-01	1.004961e-01	8.373959e-01	5.032267e+00	7.536524e-05	2.537658e-03	1.002438	
-1 -1.395477	6.408122e+01	6.104556e+01	3.403176e+01	5.867902e-01	1.009688e-01	8.372718e-01	5.039015e+00	7.535726e-05	2.537533e-03	1.002382	
-1 -1.391457	6.276634e+01	5.978971e+01	3.317501e+01	5.867639e-01	1.014437e-01	8.371433e-01	5.045995e+00	7.534932e-05	2.537405e-03	1.002326	
-1 -1.387437	6.145911e+01	5.854113e+01	3.232776e+01	5.867378e-01	1.019209e-01	8.370106e-01	5.053213e+00	7.534144e-05	2.537274e-03	1.002269	
-1 -1.383417	6.015970e+01	5.730000e+01	3.149011e+01	5.867120e-01	1.024004e-01	8.368734e-01	5.060680e+00	7.533362e-05	2.537140e-03	1.002212	
-1 -1.379397	5.886829e+01	5.606650e+01	3.066218e+01	5.866864e-01	1.028822e-01	8.367319e-01	5.068404e+00	7.532586e-05	2.537002e-03	1.002156	
-1 -1.375377	5.758504e+01	5.484079e+01	2.984409e+01	5.866609e-01	1.033664e-01	8.365857e-01	5.076391e+00	7.531816e-05	2.536861e-03	1.002099	
-1 -1.371357	5.631015e+01	5.362306e+01	2.903594e+01	5.866358e-01	1.038529e-01	8.364350e-01	5.084651e+00	7.531052e-05	2.536717e-03	1.002042	
-1 -1.367337	5.504379e+01	5.241348e+01	2.823784e+01	5.866109e-01	1.043418e-01	8.362797e-01	5.093192e+00	7.530295e-05	2.536569e-03	1.001985	
-1 -1.363317	5.378614e+01	5.121224e+01	2.744990e+01	5.865862e-01	1.048331e-01	8.361196e-01	5.102021e+00	7.529546e-05	2.536418e-03	1.001929	
-1 -1.359296	5.253740e+01	5.001952e+01	2.667221e+01	5.865619e-01	1.053267e-01	8.359548e-01	5.111146e+00	7.528804e-05	2.536263e-03	1.001872	
-1 -1.355276	5.129773e+01	4.883549e+01	2.590489e+01	5.865378e-01	1.058227e-01	8.357850e-01	5.120573e+00	7.528070e-05	2.536105e-03	1.001816	
-1 -1.351256	5.006733e+01	4.766035e+01	2.514801e+01	5.865140e-01	1.063212e-01	8.356104e-01	5.130311e+00	7.527345e-05	2.535944e-03	1.001760	
-1 -1.347236	4.884639e+01	4.649428e+01	2.440168e+01	5.864906e-01	1.068220e-01	8.354307e-01	5.140364e+00	7.526628e-05	2.535779e-03	1.001704	
-1 -1.343216	4.763509e+01	4.533746e+01	2.366599e+01	5.864675e-01	1.073253e-01	8.352460e-01	5.150739e+00	7.525920e-05	2.535610e-03	1.001648	
-1 -1.339196	4.643364e+01	4.419009e+01	2.294102e+01	5.864447e-01	1.078310e-01	8.350562e-01	5.161441e+00	7.525221e-05	2.535438e-03	1.001593	
-1 -1.335176	4.524222e+01	4.305235e+01	2.222684e+01	5.864222e-01	1.083392e-01	8.348611e-01	5.172473e+00	7.524532e-05	2.535262e-03	1.001538	
-1 -1.331156	4.406102e+01	4.192444e+01	2.152355e+01	5.864002e-01	1.088499e-01	8.346607e-01	5.183840e+00	7.523853e-05	2.535083e-03	1.001484	
-1 -1.327136	4.289025e+01	4.080655e+01	2.083121e+01	5.863785e-01	1.093630e-01	8.344550e-01	5.195544e+00	7.523184e-05	2.534901e-03	1.001430	
-1 -1.323116	4.173009e+01	3.969887e+01	2.014989e+01	5.863571e-01	1.098787e-01	8.342438e-01	5.207586e+00	7.522526e-05	2.534715e-03	1.001377	
-1 -1.319095	4.058076e+01	3.860160e+01	1.947967e+01	5.863362e-01	1.103968e-01	8.340270e-01	5.219968e+00	7.521878e-05	2.534526e-03	1.001324	
-1 -1.315075	3.944245e+01	3.751493e+01	1.882059e+01	5.863157e-01	1.109175e-01	8.338046e-01	5.232689e+00	7.521241e-05	2.534334e-03	1.001272	
-1 -1.311055	3.831537e+01	3.643906e+01	1.817272e+01	5.862955e-01	1.114407e-01	8.335765e-01	5.245748e+00	7.520615e-05	2.534139e-03	1.001220	
-1 -1.307035	3.719972e+01	3.537420e+01	1.753612e+01	5.862758e-01	1.119665e-01	8.333425e-01	5.259142e+00	7.520000e-05	2.533940e-03	1.001170	
-1 -1.303015	3.609570e+01	3.432054e+01	1.691083e+01	5.862565e-01	1.124949e-01	8.331025e-01	5.272868e+00	7.519397e-05	2.533739e-03	1.001120	
-1 -1.298995	3.500353e+01	3.327828e+01	1.629689e+01	5.862376e-01	1.130258e-01	8.328565e-01	5.286922e+00	7.518805e-05	2.533535e-03	1.001070	
-1 -1.294975	3.392341e+01	3.224763e+01	1.569437e+01	5.862192e-01	1.135593e-01	8.326042e-01	5.301297e+00	7.518225e-05	2.533329e-03	1.001022	
-1 -1.290955	3.285556e+01	3.122880e+01	1.510328e+01	5.862012e-01	1.140954e-01	8.323456e-01	5.315988e+00	7.517657e-05	2.533120e-03	1.000974	
-1 -1.286935	3.180019e+01	3.022199e+01	1.452367e+01	5.861836e-01	1.146342e-01	8.320804e-01	5.330987e+00	7.517100e-05	2.532909e-03	1.000928	
-1 -1.282915	3.075752e+01	2.922741e+01	1.395558e+01	5.861664e-01	1.151755e-01	8.318085e-01	5.346286e+00	7.516555e-05	2.532696e-03	1.000882	
-1 -1.278894	2.972776e+01	2.824526e+01	1.339902e+01	5.861496e-01	1.157196e-01	8.315297e-01	5.361877e+00	7.516022e-05	2.532481e-03	1.000837	
-1 -1.274874	2.871112e+01	2.727577e+01	1.285403e+01	5.861333e-01	1.162663e-01	8.312438e-01	5.377749e+00	7.515500e-05	2.532264e-03	1.000794	
-1 -1.270854	2.770784e+01	2.631913e+01	1.232064e+01	5.861174e-01	1.168156e-01	8.309505e-01	5.393894e+00	7.514990e-05	2.532045e-03	1.000751	
-1 -1.266834	2.671814e+01	2.537558e+01	1.179885e+01	5.861019e-01	1.173677e-01	8.306496e-01	5.410301e+00	7.514491e-05	2.531825e-03	1.000709	
-1 -1.262814	2.574223e+01	2.444531e+01	1.128870e+01	5.860868e-01	1.179225e-01	8.303409e-01	5.426959e+00	7.514003e-05	2.531604e-03	1.000669	
-1 -1.258794	2.478034e+01	2.352855e+01	1.079020e+01	5.860722e-01	1.184800e-01	8.300239e-01	5.443857e+00	7.513526e-05	2.531382e-03	1.000629	
-1 -1.254774	2.383271e+01	2.262551e+01	1.030336e+01	5.860579e-01	1.190402e-01	8.296984e-01	5.460985e+00	7.513060e-05	2.531160e-03	1.000591	
-1 -1.250754	2.289956e+01	2.173642e+01	9.828194e+00	5.860440e-01	1.196032e-01	8.293640e-01	5.478330e+00	7.512605e-05	2.530936e-03	1.000553	
-1 -1.246734	2.198112e+01	2.086149e+01	9.364716e+00	5.860305e-01	1.201689e-01	8.290204e-01	5.495883e+00	7.512160e-05	2.530713e-03	1.000517	
-1 -1.242714	2.107762e+01	2.000095e+01	8.912931e+00	5.860173e-01	1.207375e-01	8.286670e-01	5.513632e+00	7.511725e-05	2.530489e-03	1.000482	
-1 -1.238693	2.018931e+01	1.915503e+01	8.472848e+00	5.860046e-01	1.213088e-01	8.283035e-01	5.531566e+00	7.511300e-05	2.530264e-03	1.000448	
-1 -1.234673	1.931641e+01	1.832393e+01	8.044470e+00	5.859921e-01	1.218830e-01	8.279292e-01	5.549674e+00	7.510885e-05	2.530040e-03	1.000415	
-1 -1.230653	1.845917e+01	1.750791e+01	7.627800e+00	5.859801e-01	1.224599e-01	8.275438e-01	5.567946e+00	7.510479e-05	2.529817e-03	1.000383	
-1 -1.226633	1.761783e+01	1.670717e+01	7.222840e+00	5.859683e-01	1.230397e-01	8.271464e-01	5.586371e+00	7.510083e-05	2.529593e-03	1.000353	
-1 -1.222613	1.679263e+01	1.592195e+01	6.829587e+00	5.859569e-01	1.236224e-01	8.267366e-01	5.604940e+00	7.509696e-05	2.529371e-03	1.000323	
-1 -1.218593	1.598382e+01	1.515249e+01	6.448039e+00	5.859458e-01	1.242080e-01	8.263135e-01	5.623641e+00	7.509317e-05	2.529149e-03	1.000295	
-1 -1.214573	1.519164e+01	1.439901e+01	6.078189e+00	5.859350e-01	1.247964e-01	8.258764e-01	5.642464e+00	7.508947e-05	2.528927e-03	1.000268	
-1 -1.210553	1.441634e+01	1.366174e+01	5.720030e+00	5.859245e-01	1.253878e-01	8.254243e-01	5.661401e+00	7.508586e-05	2.528707e-03	1.000242	
-1 -1.206533	1.365817e+01	1.294093e+01	5.373550e+00	5.859143e-01	1.259821e-01	8.249564e-01	5.680441e+00	7.508232e-05	2.528488e-03	1.000217	
-1 -1.202513	1.291738e+01	1.223682e+01	5.038737e+00	5.859043e-01	1.265793e-01	8.244715e-01	5.699574e+00	7.507886e-05	2.528271e-03	1.000194	
-1 -1.198492	1.219424e+01	1.154962e+01	4.715572e+00	5.858946e-01	1.271795e-01	8.239685e-01	5.718790e+00	7.507548e-05	2.528054e-03	1.000171	
-1 -1.194472	1.148899e+01	1.087960e+01	4.404035e+00	5.858852e-01	1.277826e-01	8.234461e-01	5.738079e+00	7.507218e-05	2.527840e-03	1.000150	
-1 -1.190452	1.080189e+01	1.022699e+01	4.104102e+00	5.858761e-01	1.283887e-01	8.229029e-01	5.757431e+00	7.506895e-05	2.527626e-03	1.000130	
-1 -1.186432	1.013321e+01	9.592028e+00	3.815742e+00	5.858671e-01	1.289979e-01	8.223372e-01	5.776833e+00	7.506579e-05	2.527415e-03	1.000111	
-1 -1.182412	9.483205e+00	8.974962e+00	3.538922e+00	5.858584e-01	1.296100e-01	8.217472e-01	5.796275e+00	7.506271e-05	2.527206e-03	1.000093	
-1 -1.178392	8.852143e+00	8.376039e+00	3.273601e+00	5.858500e-01	1.302252e-01	8.211310e-01	5.815744e+00	7.505969e-05	2.526998e-03	1.000076	
-1 -1.174372	8.240291e+00	7.795503e+00	3.019734e+00	5.858416e-01	1.308435e-01	8.204565e-01	5.835093e+00	7.505675e-05	2.526793e-03	1.000061	
-1 -1.170352	7.647916e+00	7.233605e+00	2.777263e+00	5.858336e-01	1.314648e-01	8.197823e-01	5.854579e+00	7.505386e-05	2.526590e-03	1.000047	
-1 -1.166332	7.075291e+00	6.690594e+00	2.546127e+00	5.858259e-01	1.320893e-01	8.190743e-01	5.874046e+00	7.505104e-05	2.526389e-03	1.000034	
-1 -1.162312	6.522688e+00	6.166721e+00	2.326254e+00	5.858183e-01	1.327168e-01	8.183291e-01	5.893476e+00	7.504828e-05	2.526191e-03	1.000022	
-1 -1.158291	5.990383e+00	5.662240e+00	2.117560e+00	5.858110e-01	1.333475e-01	8.175431e-01	5.912847e+00	7.504560e-05	2.525996e-03	1.000011	
-1 -1.154271	5.478654e+00	5.177405e+00	1.919950e+00	5.858038e-01	1.339813e-01	8.167119e-01	5.932134e+00	7.504298e-05	2.525804e-03	1.000001	
-1 -1.150251	4.987779e+00	4.712470e+00	1.733312e+00	5.857968e-01	1.346183e-01	8.158307e-01	5.951309e+00	7.504042e-05	2.525615e-03	0.999992	
-1 -1.146231	4.518040e+00	4.267695e+00	1.557520e+00	5.857900e-01	1.352584e-01	8.148937e-01	5.970339e+00	7.503794e-05	2.525430e-03	0.999985	
-1 -1.142211	4.069722e+00	3.843337e+00	1.392427e+00	5.857834e-01	1.359018e-01	8.138944e-01	5.989187e+00	7.503552e-05	2.525248e-03	0.999978	
-1 -1.138191	3.643111e+00	3.439657e+00	1.237864e+00	5.857770e-01	1.365483e-01	8.128254e-01	6.007807e+00	7.503317e-05	2.525072e-03	0.999973	
-1 -1.134171	3.238495e+00	3.056917e+00	1.093637e+00	5.857708e-01	1.371981e-01	8.116788e-01	6.026151e+00	7.503090e-05	2.524900e-03	0.999969	
-1 -1.130151	2.856165e+00	2.695379e+00	9.595254e-01	5.857643e-01	1.378512e-01	8.104552e-01	6.044464e+00	7.502867e-05	2.524735e-03	0.999964	
-1 -1.126131	2.496413e+00	2.355309e+00	8.352747e-01	5.857586e-01	1.385075e-01	8.091152e-01	6.062030e+00	7.502654e-05	2.524578e-03	0.999962	
-1 -1.122111	2.159535e+00	2.036971e+00	7.206007e-01	5.857531e-01	1.391672e-01	8.076671e-01	6.079116e+00	7.502449e-05	2.524430e-03	0.999961	
-1 -1.118090	1.845827e+00	1.740635e+00	6.151884e-01	5.857479e-01	1.398301e-01	8.061032e-01	6.095667e+00	7.502253e-05	2.524292e-03	0.999961	
-1 -1.114070	1.555591e+00	1.466569e+00	5.186998e-01	5.857428e-01	1.404963e-01	8.044197e-01	6.111651e+00	7.502064e-05	2.524168e-03	0.999962	
-1 -1.110050	1.289126e+00	1.215043e+00	4.307911e-01	5.857380e-01	1.411660e-01	8.026211e-01	6.127072e+00	7.501882e-05	2.524059e-03	0.999963	
-1 -1.106030	1.046739e+00	9.863297e-01	3.511408e-01	5.857335e-01	1.418389e-01	8.007235e-01	6.141999e+00	7.501705e-05	2.523970e-03	0.999965	
-1 -1.102010	8.287346e-01	7.807022e-01	2.794900e-01	5.857292e-01	1.425153e-01	7.987575e-01	6.156578e+00	7.501531e-05	2.523902e-03	0.999967	
-1 -1.097990	6.354227e-01	5.984354e-01	2.156837e-01	5.857256e-01	1.431951e-01	7.967576e-01	6.170884e+00	7.501357e-05	2.523851e-03	0.999970	
-1 -1.093970	4.671143e-01	4.398058e-01	1.597012e-01	5.857218e-01	1.438783e-01	7.947864e-01	6.185451e+00	7.501178e-05	2.523827e-03	0.999973	
-1 -1.089950	3.241231e-01	3.050910e-01	1.116557e-01	5.857181e-01	1.445649e-01	7.928788e-01	6.200374e+00	7.500995e-05	2.523823e-03	0.999976	
-1 -1.085930	2.067651e-01	1.945704e-01	7.177029e-02	5.857145e-01	1.452551e-01	7.910643e-01	6.215831e+00	7.500805e-05	2.523836e-03	0.999980	
-1 -1.081910	1.153587e-01	1.085247e-01	4.033830e-02	5.857108e-01	1.459487e-01	7.893586e-01	6.231938e+00	7.500609e-05	2.523863e-03	0.999984	
-1 -1.077889	5.022479e-02	4.723606e-02	1.768554e-02	5.857071e-01	1.466458e-01	7.877662e-01	6.248749e+00	7.500407e-05	2.523901e-03	0.999989	
-1 -1.073869	1.168665e-02	1.098807e-02	4.142063e-03	5.857035e-01	1.473464e-01	7.862836e-01	6.266273e+00	7.500198e-05	2.523949e-03	0.999994	
0 -1.070138	4.940656e-324	1.131735e-316	5.281405e-15	5.857000e-01	1.480000e-01	7.850000e-01	4.539443e-08	7.500000e-05	2.524000e-03	1.000000	
1 -1.069849	7.003017e-05	6.582496e-05	2.496969e-05	5.856997e-01	1.480506e-01	7.849043e-01	1.331348e-03	7.499985e-05	2.524004e-03	1.000000	
1 -1.065829	1.570311e-02	1.475584e-02	5.629714e-03	5.856958e-01	1.487584e-01	7.836188e-01	2.025812e-02	7.499767e-05	2.524066e-03	1.000008	
1 -1.061809	5.891658e-02	5.534606e-02	2.122689e-02	5.856919e-01	1.494697e-01	7.824177e-01	3.984192e-02	7.499547e-05	2.524134e-03	1.000016	
1 -1.057789	1.300436e-01	1.221259e-01	4.706206e-02	5.856879e-01	1.501847e-01	7.812919e-01	6.005395e-02	7.499324e-05	2.524207e-03	1.000025	
1 -1.053769	2.294199e-01	2.153862e-01	8.335710e-02	5.856842e-01	1.509033e-01	7.802352e-01	8.090445e-02	7.499091e-05	2.524287e-03	1.000035	
1 -1.049749	3.573837e-01	3.354192e-01	1.303122e-01	5.856801e-01	1.516256e-01	7.792398e-01	1.023655e-01	7.498864e-05	2.524371e-03	1.000047	
1 -1.045729	5.142757e-01	4.825186e-01	1.881079e-01	5.856755e-01	1.523515e-01	7.783013e-01	1.244778e-01	7.498643e-05	2.524460e-03	1.000059	
1 -1.041709	7.004392e-01	6.569796e-01	2.569074e-01	5.856711e-01	1.530812e-01	7.774201e-01	1.472100e-01	7.498413e-05	2.524554e-03	1.000073	
1 -1.037688	9.162202e-01	8.590986e-01	3.368580e-01	5.856667e-01	1.538146e-01	7.765840e-01	1.705503e-01	7.498183e-05	2.524655e-03	1.000088	
1 -1.033668	1.161967e+00	1.089174e+00	4.280916e-01	5.856624e-01	1.545517e-01	7.757703e-01	1.943611e-01	7.497955e-05	2.524763e-03	1.000104	
1 -1.029648	1.438031e+00	1.347504e+00	5.307295e-01	5.856580e-01	1.552926e-01	7.750065e-01	2.188991e-01	7.497725e-05	2.524877e-03	1.000121	
1 -1.025628	1.744766e+00	1.634391e+00	6.448795e-01	5.856535e-01	1.560373e-01	7.742773e-01	2.440849e-01	7.497496e-05	2.524997e-03	1.000140	
1 -1.021608	2.082528e+00	1.950136e+00	7.706390e-01	5.856490e-01	1.567858e-01	7.735800e-01	2.699418e-01	7.497267e-05	2.525126e-03	1.000160	
1 -1.017588	2.451676e+00	2.295043e+00	9.080952e-01	5.856445e-01	1.575381e-01	7.729123e-01	2.964991e-01	7.497039e-05	2.525262e-03	1.000181	
1 -1.013568	2.852572e+00	2.669417e+00	1.057326e+00	5.856399e-01	1.582943e-01	7.722721e-01	3.237915e-01	7.496812e-05	2.525407e-03	1.000204	
1 -1.009548	3.285580e+00	3.073564e+00	1.218400e+00	5.856352e-01	1.590544e-01	7.716575e-01	3.518603e-01	7.496585e-05	2.525562e-03	1.000228	
1 -1.005528	3.751068e+00	3.507792e+00	1.391378e+00	5.856305e-01	1.598184e-01	7.710669e-01	3.807534e-01	7.496360e-05	2.525727e-03	1.000254	
1 -1.001508	4.249405e+00	3.972411e+00	1.576310e+00	5.856262e-01	1.605863e-01	7.704724e-01	4.102900e-01	7.496139e-05	2.525903e-03	1.000280	
1 -0.997487	4.780964e+00	4.467730e+00	1.773244e+00	5.856215e-01	1.613582e-01	7.699231e-01	4.409745e-01	7.495917e-05	2.526092e-03	1.000309	
1 -0.993467	5.346120e+00	4.994061e+00	1.982216e+00	5.856163e-01	1.621340e-01	7.693938e-01	4.726689e-01	7.495702e-05	2.526297e-03	1.000338	
1 -0.989447	5.945251e+00	5.551718e+00	2.203257e+00	5.856114e-01	1.629139e-01	7.688832e-01	5.054654e-01	7.495485e-05	2.526514e-03	1.000369	
1 -0.985427	6.578738e+00	6.141015e+00	2.436393e+00	5.856063e-01	1.636978e-01	7.683903e-01	5.394602e-01	7.495270e-05	2.526747e-03	1.000401	
1 -0.981407	7.246966e+00	6.762269e+00	2.681642e+00	5.856012e-01	1.644858e-01	7.679141e-01	5.747664e-01	7.495058e-05	2.526998e-03	1.000435	
1 -0.977387	7.950320e+00	7.415795e+00	2.939024e+00	5.855961e-01	1.652778e-01	7.674535e-01	6.115140e-01	7.494850e-05	2.527269e-03	1.000470	
1 -0.973367	8.689190e+00	8.101914e+00	3.208556e+00	5.855908e-01	1.660740e-01	7.670140e-01	6.499899e-01	7.494631e-05	2.527557e-03	1.000508	
1 -0.969347	9.463969e+00	8.820944e+00	3.490260e+00	5.855856e-01	1.668742e-01	7.665803e-01	6.900975e-01	7.494432e-05	2.527875e-03	1.000544	
1 -0.965327	1.027505e+01	9.573207e+00	3.784171e+00	5.855804e-01	1.676787e-01	7.661575e-01	7.321514e-01	7.494241e-05	2.528221e-03	1.000581	
1 -0.961307	1.112283e+01	1.035902e+01	4.090342e+00	5.855752e-01	1.684873e-01	7.657435e-01	7.763556e-01	7.494061e-05	2.528598e-03	1.000617	
1 -0.957286	1.200772e+01	1.117872e+01	4.408872e+00	5.855703e-01	1.693002e-01	7.653349e-01	8.229088e-01	7.493896e-05	2.529011e-03	1.000651	
1 -0.953266	1.293011e+01	1.203262e+01	4.739926e+00	5.855659e-01	1.701173e-01	7.649524e-01	8.723127e-01	7.493724e-05	2.529455e-03	1.000685	
1 -0.949246	1.389042e+01	1.292105e+01	5.083776e+00	5.855620e-01	1.709386e-01	7.645384e-01	9.239554e-01	7.493605e-05	2.529948e-03	1.000712	
1 -0.945226	1.488905e+01	1.384434e+01	5.440879e+00	5.855594e-01	1.717642e-01	7.641056e-01	9.779002e-01	7.493528e-05	2.530484e-03	1.000731	
1 -0.941206	1.592641e+01	1.480282e+01	5.811969e+00	5.855587e-01	1.725942e-01	7.636411e-01	1.033469e+00	7.493511e-05	2.531060e-03	1.000738	
1 -0.937186	1.700293e+01	1.579681e+01	6.198165e+00	5.855607e-01	1.734285e-01	7.631280e-01	1.089245e+00	7.493573e-05	2.531661e-03	1.000730	
1 -0.933166	1.811902e+01	1.682665e+01	6.601042e+00	5.855660e-01	1.742672e-01	7.625503e-01	1.143102e+00	7.493730e-05	2.532266e-03	1.000703	
1 -0.929146	1.927510e+01	1.789267e+01	7.022576e+00	5.855758e-01	1.751103e-01	7.619011e-01	1.192393e+00	7.494054e-05	2.532869e-03	1.000651	
1 -0.925126	2.047160e+01	1.899520e+01	7.464942e+00	5.855889e-01	1.759579e-01	7.612347e-01	1.236847e+00	7.494470e-05	2.533427e-03	1.000581	
1 -0.921106	2.170895e+01	2.013459e+01	7.930195e+00	5.856073e-01	1.768099e-01	7.604763e-01	1.273467e+00	7.494943e-05	2.533912e-03	1.000496	
1 -0.917085	2.298757e+01	2.131115e+01	8.420135e+00	5.856288e-01	1.776663e-01	7.596882e-01	1.303968e+00	7.495483e-05	2.534341e-03	1.000400	
1 -0.913065	2.430790e+01	2.252524e+01	8.936230e+00	5.856526e-01	1.785274e-01	7.588850e-01	1.329279e+00	7.496074e-05	2.534720e-03	1.000295	
1 -0.909045	2.567039e+01	2.377719e+01	9.479665e+00	5.856782e-01	1.793929e-01	7.580766e-01	1.350368e+00	7.496703e-05	2.535056e-03	1.000184	
1 -0.905025	2.707546e+01	2.506734e+01	1.005141e+01	5.857052e-01	1.802631e-01	7.572698e-01	1.368083e+00	7.497360e-05	2.535357e-03	1.000068	
1 -0.901005	2.852357e+01	2.639603e+01	1.065228e+01	5.857333e-01	1.811378e-01	7.564687e-01	1.383108e+00	7.498038e-05	2.535630e-03	0.999950	
1 -0.896985	3.001516e+01	2.776360e+01	1.128299e+01	5.857622e-01	1.820172e-01	7.556758e-01	1.395979e+00	7.498733e-05	2.535879e-03	0.999828	
1 -0.892965	3.155068e+01	2.917039e+01	1.194415e+01	5.857918e-01	1.829013e-01	7.548925e-01	1.407107e+00	7.499441e-05	2.536109e-03	0.999705	
1 -0.888945	3.313059e+01	3.061676e+01	1.263634e+01	5.858220e-01	1.837901e-01	7.541196e-01	1.416815e+00	7.500160e-05	2.536323e-03	0.999580	
1 -0.884925	3.475533e+01	3.210303e+01	1.336009e+01	5.858527e-01	1.846836e-01	7.533574e-01	1.425353e+00	7.500888e-05	2.536524e-03	0.999453	
1 -0.880905	3.642538e+01	3.362957e+01	1.411590e+01	5.858837e-01	1.855819e-01	7.526060e-01	1.432915e+00	7.501624e-05	2.536713e-03	0.999325	
1 -0.876884	3.814120e+01	3.519671e+01	1.490423e+01	5.859152e-01	1.864849e-01	7.518652e-01	1.439658e+00	7.502367e-05	2.536893e-03	0.999196	
1 -0.872864	3.990324e+01	3.680480e+01	1.572556e+01	5.859469e-01	1.873929e-01	7.511347e-01	1.445707e+00	7.503116e-05	2.537064e-03	0.999065	
1 -0.868844	4.171199e+01	3.845420e+01	1.658031e+01	5.859789e-01	1.883056e-01	7.504144e-01	1.451163e+00	7.503870e-05	2.537228e-03	0.998933	
1 -0.864824	4.356792e+01	4.014525e+01	1.746892e+01	5.860112e-01	1.892233e-01	7.497038e-01	1.456109e+00	7.504629e-05	2.537386e-03	0.998800	
1 -0.860804	4.547149e+01	4.187831e+01	1.839182e+01	5.860437e-01	1.901459e-01	7.490025e-01	1.460613e+00	7.505393e-05	2.537537e-03	0.998666	
1 -0.856784	4.742320e+01	4.365371e+01	1.934942e+01	5.860765e-01	1.910735e-01	7.483103e-01	1.464732e+00	7.506160e-05	2.537684e-03	0.998531	
1 -0.852764	4.942353e+01	4.547183e+01	2.034213e+01	5.861094e-01	1.920061e-01	7.476266e-01	1.468512e+00	7.506932e-05	2.537826e-03	0.998394	
1 -0.848744	5.147296e+01	4.733301e+01	2.137036e+01	5.861425e-01	1.929437e-01	7.469513e-01	1.471995e+00	7.507706e-05	2.537964e-03	0.998257	
1 -0.844724	5.357198e+01	4.923760e+01	2.243450e+01	5.861758e-01	1.938864e-01	7.462838e-01	1.475215e+00	7.508484e-05	2.538098e-03	0.998119	
1 -0.840704	5.572109e+01	5.118597e+01	2.353497e+01	5.862092e-01	1.948341e-01	7.456240e-01	1.478199e+00	7.509264e-05	2.538229e-03	0.997979	
1 -0.836683	5.792079e+01	5.317846e+01	2.467214e+01	5.862428e-01	1.957871e-01	7.449714e-01	1.480973e+00	7.510047e-05	2.538357e-03	0.997839	
1 -0.832663	6.017157e+01	5.521543e+01	2.584643e+01	5.862765e-01	1.967452e-01	7.443257e-01	1.483559e+00	7.510832e-05	2.538482e-03	0.997697	
1 -0.828643	6.247394e+01	5.729725e+01	2.705821e+01	5.863103e-01	1.977085e-01	7.436867e-01	1.485976e+00	7.511620e-05	2.538604e-03	0.997555	
1 -0.824623	6.482842e+01	5.942427e+01	2.830788e+01	5.863443e-01	1.986770e-01	7.430540e-01	1.488240e+00	7.512410e-05	2.538724e-03	0.997412	
1 -0.820603	6.723550e+01	6.159685e+01	2.959584e+01	5.863784e-01	1.996509e-01	7.424274e-01	1.490365e+00	7.513202e-05	2.538841e-03	0.997268	
1 -0.816583	6.969572e+01	6.381535e+01	3.092246e+01	5.864125e-01	2.006301e-01	7.418066e-01	1.492364e+00	7.513995e-05	2.538956e-03	0.997123	
1 -0.812563	7.220958e+01	6.608012e+01	3.228815e+01	5.864468e-01	2.016146e-01	7.411913e-01	1.494249e+00	7.514790e-05	2.539070e-03	0.996977	
1 -0.808543	7.477761e+01	6.839154e+01	3.369328e+01	5.864812e-01	2.026045e-01	7.405814e-01	1.496028e+00	7.515587e-05	2.539181e-03	0.996830	
1 -0.804523	7.740033e+01	7.074996e+01	3.513825e+01	5.865157e-01	2.035999e-01	7.399766e-01	1.497711e+00	7.516385e-05	2.539290e-03	0.996682	
1 -0.800503	8.007828e+01	7.315575e+01	3.662343e+01	5.865502e-01	2.046008e-01	7.393767e-01	1.499306e+00	7.517184e-05	2.539398e-03	0.996533	
1 -0.796482	8.281199e+01	7.560927e+01	3.814923e+01	5.865848e-01	2.056071e-01	7.387814e-01	1.500820e+00	7.517984e-05	2.539504e-03	0.996384	
1 -0.792462	8.560200e+01	7.811088e+01	3.971603e+01	5.866195e-01	2.066191e-01	7.381906e-01	1.502258e+00	7.518785e-05	2.539609e-03	0.996233	
1 -0.788442	8.844885e+01	8.066095e+01	4.132422e+01	5.866542e-01	2.076366e-01	7.376040e-01	1.503628e+00	7.519587e-05	2.539712e-03	0.996082	
1 -0.784422	9.135308e+01	8.325984e+01	4.297418e+01	5.866891e-01	2.086598e-01	7.370216e-01	1.504933e+00	7.520390e-05	2.539814e-03	0.995930	
1 -0.780402	9.431524e+01	8.590792e+01	4.466631e+01	5.867239e-01	2.096886e-01	7.364431e-01	1.506179e+00	7.521194e-05	2.539914e-03	0.995777	
1 -0.776382	9.733589e+01	8.860555e+01	4.640099e+01	5.867589e-01	2.107232e-01	7.358683e-01	1.507370e+00	7.521998e-05	2.540013e-03	0.995624	
1 -0.772362	1.004156e+02	9.135310e+01	4.817861e+01	5.867939e-01	2.117636e-01	7.352971e-01	1.508510e+00	7.522802e-05	2.540111e-03	0.995470	
1 -0.768342	1.035549e+02	9.415093e+01	4.999957e+01	5.868289e-01	2.128097e-01	7.347294e-01	1.509602e+00	7.523607e-05	2.540208e-03	0.995314	
1 -0.764322	1.067544e+02	9.699942e+01	5.186425e+01	5.868640e-01	2.138617e-01	7.341649e-01	1.510649e+00	7.524412e-05	2.540303e-03	0.995159	
1 -0.760302	1.100146e+02	9.989893e+01	5.377306e+01	5.868991e-01	2.149196e-01	7.336036e-01	1.511655e+00	7.525217e-05	2.540398e-03	0.995002	
1 -0.756281	1.133361e+02	1.028498e+02	5.572637e+01	5.869342e-01	2.159835e-01	7.330453e-01	1.512622e+00	7.526022e-05	2.540491e-03	0.994845	
1 -0.752261	1.167195e+02	1.058525e+02	5.772458e+01	5.869694e-01	2.170533e-01	7.324898e-01	1.513553e+00	7.526828e-05	2.540583e-03	0.994687	
1 -0.748241	1.201654e+02	1.089073e+02	5.976810e+01	5.870046e-01	2.181292e-01	7.319371e-01	1.514449e+00	7.527633e-05	2.540674e-03	0.994528	
1 -0.744221	1.236743e+02	1.120145e+02	6.185731e+01	5.870398e-01	2.192111e-01	7.313871e-01	1.515313e+00	7.528438e-05	2.540764e-03	0.994369	
1 -0.740201	1.272468e+02	1.151747e+02	6.399260e+01	5.870750e-01	2.202992e-01	7.308395e-01	1.516147e+00	7.529242e-05	2.540853e-03	0.994209	
1 -0.736181	1.308836e+02	1.183880e+02	6.617439e+01	5.871103e-01	2.213935e-01	7.302943e-01	1.516953e+00	7.530047e-05	2.540941e-03	0.994048	
1 -0.732161	1.345853e+02	1.216550e+02	6.840306e+01	5.871456e-01	2.224939e-01	7.297513e-01	1.517732e+00	7.530850e-05	2.541027e-03	0.993887	
1 -0.728141	1.383523e+02	1.249759e+02	7.067901e+01	5.871808e-01	2.236007e-01	7.292105e-01	1.518487e+00	7.531653e-05	2.541113e-03	0.993725	
1 -0.724121	1.421854e+02	1.283512e+02	7.300264e+01	5.872161e-01	2.247137e-01	7.286718e-01	1.519217e+00	7.532456e-05	2.541199e-03	0.993562	
1 -0.720101	1.460852e+02	1.317812e+02	7.537436e+01	5.872514e-01	2.258331e-01	7.281350e-01	1.519925e+00	7.533258e-05	2.541283e-03	0.993399	
1 -0.716080	1.500522e+02	1.352662e+02	7.779456e+01	5.872867e-01	2.269590e-01	7.276000e-01	1.520612e+00	7.534059e-05	2.541366e-03	0.993235	
1 -0.712060	1.540871e+02	1.388067e+02	8.026365e+01	5.873220e-01	2.280913e-01	7.270668e-01	1.521279e+00	7.534858e-05	2.541448e-03	0.993071	
1 -0.708040	1.581905e+02	1.424031e+02	8.278204e+01	5.873572e-01	2.292301e-01	7.265353e-01	1.521928e+00	7.535657e-05	2.541530e-03	0.992907	
1 -0.704020	1.623630e+02	1.460556e+02	8.535012e+01	5.873925e-01	2.303755e-01	7.260053e-01	1.522558e+00	7.536455e-05	2.541610e-03	0.992741	
1 -0.700000	1.666053e+02	1.497646e+02	8.796831e+01	5.874277e-01	2.315276e-01	7.254768e-01	1.523172e+00	7.537252e-05	2.541690e-03	0.992576	

# Wed Jan 25 05:36:56 2017
##### FINIS #####
