# This file was created by 'globes-accuracy 3.1.11' using GLoBES 3.2.13
# The command line was
# ../cdr_testsetup/myacc -A1 -X-1.5,-0.7 -R200 -p0.5857,0.148,0.726,0.0,0.000075,0.002524 -E0.023,0.0,0.058,0.0,0.024,0.016 -F -d 0.02 -DNUTIME=0.0584112149533 -DNUBARTIME=0.0584112149533 dune_optimized_long.glb data/resth13_optimized_long_no_exp5 
#
# Wed Jan 25 05:30:30 2017

------ solution #1 out of 1 ------
-1 -1.500000	8.525951e+00	8.480451e+00	5.729492e+00	5.859167e-01	8.938939e-02	7.320009e-01	4.951905e+00	7.506681e-05	2.525614e-03	1.000339	
-1 -1.495980	8.403524e+00	8.358703e+00	5.635889e+00	5.859136e-01	8.980857e-02	7.319810e-01	4.954891e+00	7.506593e-05	2.525608e-03	1.000335	
-1 -1.491960	8.281367e+00	8.237221e+00	5.542712e+00	5.859106e-01	9.022977e-02	7.319601e-01	4.957953e+00	7.506504e-05	2.525601e-03	1.000331	
-1 -1.487940	8.159492e+00	8.116017e+00	5.449971e+00	5.859075e-01	9.065299e-02	7.319380e-01	4.961093e+00	7.506416e-05	2.525594e-03	1.000328	
-1 -1.483920	8.037910e+00	7.995103e+00	5.357675e+00	5.859045e-01	9.107823e-02	7.319149e-01	4.964314e+00	7.506328e-05	2.525586e-03	1.000324	
-1 -1.479899	7.916635e+00	7.874490e+00	5.265836e+00	5.859015e-01	9.150552e-02	7.318907e-01	4.967618e+00	7.506239e-05	2.525579e-03	1.000320	
-1 -1.475879	7.795677e+00	7.754192e+00	5.174463e+00	5.858985e-01	9.193485e-02	7.318654e-01	4.971009e+00	7.506151e-05	2.525572e-03	1.000317	
-1 -1.471859	7.675050e+00	7.634219e+00	5.083568e+00	5.858954e-01	9.236625e-02	7.318390e-01	4.974489e+00	7.506063e-05	2.525564e-03	1.000313	
-1 -1.467839	7.554765e+00	7.514585e+00	4.993161e+00	5.858924e-01	9.279972e-02	7.318115e-01	4.978062e+00	7.505974e-05	2.525556e-03	1.000309	
-1 -1.463819	7.434835e+00	7.395302e+00	4.903252e+00	5.858894e-01	9.323526e-02	7.317829e-01	4.981730e+00	7.505886e-05	2.525548e-03	1.000305	
-1 -1.459799	7.315273e+00	7.276382e+00	4.813852e+00	5.858864e-01	9.367291e-02	7.317533e-01	4.985498e+00	7.505798e-05	2.525540e-03	1.000301	
-1 -1.455779	7.196091e+00	7.157839e+00	4.724971e+00	5.858834e-01	9.411265e-02	7.317225e-01	4.989369e+00	7.505710e-05	2.525532e-03	1.000297	
-1 -1.451759	7.077302e+00	7.039686e+00	4.636621e+00	5.858804e-01	9.455451e-02	7.316906e-01	4.993345e+00	7.505622e-05	2.525523e-03	1.000293	
-1 -1.447739	6.958920e+00	6.921934e+00	4.548813e+00	5.858774e-01	9.499850e-02	7.316577e-01	4.997432e+00	7.505534e-05	2.525515e-03	1.000289	
-1 -1.443719	6.840957e+00	6.804598e+00	4.461556e+00	5.858744e-01	9.544462e-02	7.316236e-01	5.001633e+00	7.505446e-05	2.525506e-03	1.000285	
-1 -1.439698	6.723427e+00	6.687691e+00	4.374862e+00	5.858714e-01	9.589288e-02	7.315884e-01	5.005953e+00	7.505358e-05	2.525496e-03	1.000281	
-1 -1.435678	6.606343e+00	6.571226e+00	4.288741e+00	5.858684e-01	9.634331e-02	7.315522e-01	5.010394e+00	7.505271e-05	2.525487e-03	1.000277	
-1 -1.431658	6.489718e+00	6.455217e+00	4.203205e+00	5.858654e-01	9.679591e-02	7.315148e-01	5.014961e+00	7.505184e-05	2.525477e-03	1.000273	
-1 -1.427638	6.373567e+00	6.339676e+00	4.118264e+00	5.858625e-01	9.725068e-02	7.314764e-01	5.019660e+00	7.505097e-05	2.525468e-03	1.000268	
-1 -1.423618	6.257903e+00	6.224619e+00	4.033930e+00	5.858595e-01	9.770765e-02	7.314369e-01	5.024494e+00	7.505010e-05	2.525457e-03	1.000264	
-1 -1.419598	6.142739e+00	6.110059e+00	3.950212e+00	5.858566e-01	9.816682e-02	7.313963e-01	5.029468e+00	7.504923e-05	2.525447e-03	1.000260	
-1 -1.415578	6.028091e+00	5.996010e+00	3.867123e+00	5.858536e-01	9.862820e-02	7.313547e-01	5.034587e+00	7.504836e-05	2.525436e-03	1.000256	
-1 -1.411558	5.913972e+00	5.882487e+00	3.784672e+00	5.858507e-01	9.909182e-02	7.313120e-01	5.039856e+00	7.504750e-05	2.525425e-03	1.000251	
-1 -1.407538	5.800396e+00	5.769503e+00	3.702870e+00	5.858478e-01	9.955766e-02	7.312682e-01	5.045280e+00	7.504664e-05	2.525414e-03	1.000247	
-1 -1.403518	5.687378e+00	5.657073e+00	3.621730e+00	5.858449e-01	1.000258e-01	7.312233e-01	5.050864e+00	7.504579e-05	2.525402e-03	1.000242	
-1 -1.399497	5.574933e+00	5.545211e+00	3.541260e+00	5.858420e-01	1.004961e-01	7.311775e-01	5.056614e+00	7.504493e-05	2.525390e-03	1.000238	
-1 -1.395477	5.463075e+00	5.433933e+00	3.461472e+00	5.858391e-01	1.009688e-01	7.311306e-01	5.062534e+00	7.504408e-05	2.525378e-03	1.000233	
-1 -1.391457	5.351819e+00	5.323253e+00	3.382377e+00	5.858362e-01	1.014437e-01	7.310827e-01	5.068631e+00	7.504324e-05	2.525366e-03	1.000229	
-1 -1.387437	5.241181e+00	5.213186e+00	3.303985e+00	5.858334e-01	1.019209e-01	7.310337e-01	5.074909e+00	7.504239e-05	2.525353e-03	1.000224	
-1 -1.383417	5.131174e+00	5.103748e+00	3.226308e+00	5.858305e-01	1.024004e-01	7.309838e-01	5.081375e+00	7.504156e-05	2.525339e-03	1.000220	
-1 -1.379397	5.021816e+00	4.994953e+00	3.149354e+00	5.858277e-01	1.028822e-01	7.309329e-01	5.088034e+00	7.504072e-05	2.525326e-03	1.000215	
-1 -1.375377	4.913120e+00	4.886817e+00	3.073135e+00	5.858249e-01	1.033664e-01	7.308810e-01	5.094892e+00	7.503990e-05	2.525311e-03	1.000211	
-1 -1.371357	4.805102e+00	4.779356e+00	2.997662e+00	5.858221e-01	1.038529e-01	7.308282e-01	5.101955e+00	7.503907e-05	2.525297e-03	1.000206	
-1 -1.367337	4.697779e+00	4.672585e+00	2.922943e+00	5.858194e-01	1.043418e-01	7.307745e-01	5.109227e+00	7.503825e-05	2.525282e-03	1.000201	
-1 -1.363317	4.591166e+00	4.566521e+00	2.848990e+00	5.858166e-01	1.048331e-01	7.307198e-01	5.116715e+00	7.503744e-05	2.525267e-03	1.000197	
-1 -1.359296	4.485280e+00	4.461178e+00	2.775813e+00	5.858139e-01	1.053267e-01	7.306643e-01	5.124425e+00	7.503663e-05	2.525251e-03	1.000192	
-1 -1.355276	4.380135e+00	4.356573e+00	2.703421e+00	5.858112e-01	1.058227e-01	7.306078e-01	5.132361e+00	7.503583e-05	2.525235e-03	1.000188	
-1 -1.351256	4.275749e+00	4.252723e+00	2.631824e+00	5.858085e-01	1.063212e-01	7.305506e-01	5.140529e+00	7.503504e-05	2.525218e-03	1.000183	
-1 -1.347236	4.172138e+00	4.149644e+00	2.561031e+00	5.858058e-01	1.068220e-01	7.304925e-01	5.148933e+00	7.503425e-05	2.525201e-03	1.000178	
-1 -1.343216	4.069318e+00	4.047353e+00	2.491052e+00	5.858032e-01	1.073253e-01	7.304336e-01	5.157580e+00	7.503347e-05	2.525183e-03	1.000174	
-1 -1.339196	3.967307e+00	3.945865e+00	2.421897e+00	5.858006e-01	1.078310e-01	7.303739e-01	5.166473e+00	7.503270e-05	2.525165e-03	1.000169	
-1 -1.335176	3.866121e+00	3.845199e+00	2.353574e+00	5.857980e-01	1.083392e-01	7.303134e-01	5.175617e+00	7.503193e-05	2.525147e-03	1.000164	
-1 -1.331156	3.765777e+00	3.745370e+00	2.286092e+00	5.857954e-01	1.088499e-01	7.302523e-01	5.185016e+00	7.503117e-05	2.525128e-03	1.000160	
-1 -1.327136	3.666293e+00	3.646397e+00	2.219460e+00	5.857929e-01	1.093630e-01	7.301904e-01	5.194673e+00	7.503042e-05	2.525109e-03	1.000155	
-1 -1.323116	3.567685e+00	3.548296e+00	2.153686e+00	5.857904e-01	1.098787e-01	7.301279e-01	5.204592e+00	7.502968e-05	2.525089e-03	1.000151	
-1 -1.319095	3.469971e+00	3.451085e+00	2.088779e+00	5.857879e-01	1.103968e-01	7.300648e-01	5.214776e+00	7.502894e-05	2.525069e-03	1.000146	
-1 -1.315075	3.373170e+00	3.354782e+00	2.024747e+00	5.857855e-01	1.109175e-01	7.300010e-01	5.225227e+00	7.502822e-05	2.525048e-03	1.000142	
-1 -1.311055	3.277297e+00	3.259404e+00	1.961597e+00	5.857831e-01	1.114407e-01	7.299367e-01	5.235946e+00	7.502750e-05	2.525027e-03	1.000137	
-1 -1.307035	3.182373e+00	3.164969e+00	1.899338e+00	5.857807e-01	1.119665e-01	7.298718e-01	5.246936e+00	7.502680e-05	2.525005e-03	1.000133	
-1 -1.303015	3.088414e+00	3.071495e+00	1.837976e+00	5.857784e-01	1.124949e-01	7.298064e-01	5.258196e+00	7.502610e-05	2.524983e-03	1.000128	
-1 -1.298995	2.995440e+00	2.979001e+00	1.777520e+00	5.857761e-01	1.130258e-01	7.297405e-01	5.269728e+00	7.502541e-05	2.524961e-03	1.000124	
-1 -1.294975	2.903467e+00	2.887505e+00	1.717975e+00	5.857738e-01	1.135593e-01	7.296742e-01	5.281532e+00	7.502474e-05	2.524938e-03	1.000120	
-1 -1.290955	2.812516e+00	2.797025e+00	1.659349e+00	5.857716e-01	1.140954e-01	7.296075e-01	5.293606e+00	7.502407e-05	2.524915e-03	1.000115	
-1 -1.286935	2.722605e+00	2.707580e+00	1.601649e+00	5.857694e-01	1.146342e-01	7.295404e-01	5.305949e+00	7.502341e-05	2.524892e-03	1.000111	
-1 -1.282915	2.633752e+00	2.619189e+00	1.544880e+00	5.857672e-01	1.151755e-01	7.294729e-01	5.318559e+00	7.502276e-05	2.524868e-03	1.000107	
-1 -1.278894	2.545977e+00	2.531871e+00	1.489050e+00	5.857651e-01	1.157196e-01	7.294052e-01	5.331435e+00	7.502213e-05	2.524844e-03	1.000103	
-1 -1.274874	2.459299e+00	2.445645e+00	1.434163e+00	5.857630e-01	1.162663e-01	7.293371e-01	5.344573e+00	7.502150e-05	2.524819e-03	1.000098	
-1 -1.270854	2.373737e+00	2.360531e+00	1.380227e+00	5.857610e-01	1.168156e-01	7.292688e-01	5.357970e+00	7.502088e-05	2.524795e-03	1.000094	
-1 -1.266834	2.289311e+00	2.276548e+00	1.327246e+00	5.857589e-01	1.173677e-01	7.292003e-01	5.371622e+00	7.502027e-05	2.524770e-03	1.000090	
-1 -1.262814	2.206041e+00	2.193715e+00	1.275226e+00	5.857570e-01	1.179225e-01	7.291315e-01	5.385527e+00	7.501968e-05	2.524745e-03	1.000087	
-1 -1.258794	2.123947e+00	2.112053e+00	1.224173e+00	5.857550e-01	1.184800e-01	7.290626e-01	5.399678e+00	7.501909e-05	2.524720e-03	1.000083	
-1 -1.254774	2.043049e+00	2.031581e+00	1.174092e+00	5.857531e-01	1.190402e-01	7.289936e-01	5.414072e+00	7.501852e-05	2.524695e-03	1.000079	
-1 -1.250754	1.963366e+00	1.952320e+00	1.124987e+00	5.857513e-01	1.196032e-01	7.289244e-01	5.428704e+00	7.501795e-05	2.524670e-03	1.000075	
-1 -1.246734	1.884920e+00	1.874290e+00	1.076865e+00	5.857495e-01	1.201689e-01	7.288552e-01	5.443569e+00	7.501739e-05	2.524644e-03	1.000071	
-1 -1.242714	1.807731e+00	1.797511e+00	1.029729e+00	5.857477e-01	1.207375e-01	7.287859e-01	5.458662e+00	7.501685e-05	2.524619e-03	1.000068	
-1 -1.238693	1.731819e+00	1.722004e+00	9.835850e-01	5.857459e-01	1.213088e-01	7.287165e-01	5.473978e+00	7.501631e-05	2.524594e-03	1.000064	
-1 -1.234673	1.657206e+00	1.647790e+00	9.384371e-01	5.857442e-01	1.218830e-01	7.286471e-01	5.489512e+00	7.501578e-05	2.524568e-03	1.000061	
-1 -1.230653	1.583913e+00	1.574891e+00	8.942902e-01	5.857426e-01	1.224599e-01	7.285777e-01	5.505258e+00	7.501526e-05	2.524543e-03	1.000058	
-1 -1.226633	1.511962e+00	1.503326e+00	8.511488e-01	5.857409e-01	1.230397e-01	7.285084e-01	5.521212e+00	7.501476e-05	2.524518e-03	1.000054	
-1 -1.222613	1.441372e+00	1.433118e+00	8.090175e-01	5.857393e-01	1.236224e-01	7.284391e-01	5.537369e+00	7.501426e-05	2.524493e-03	1.000051	
-1 -1.218593	1.372167e+00	1.364288e+00	7.679007e-01	5.857378e-01	1.242080e-01	7.283698e-01	5.553723e+00	7.501376e-05	2.524469e-03	1.000048	
-1 -1.214573	1.304368e+00	1.296857e+00	7.278029e-01	5.857362e-01	1.247964e-01	7.283007e-01	5.570271e+00	7.501328e-05	2.524444e-03	1.000045	
-1 -1.210553	1.237997e+00	1.230848e+00	6.887286e-01	5.857347e-01	1.253878e-01	7.282316e-01	5.587008e+00	7.501281e-05	2.524420e-03	1.000042	
-1 -1.206533	1.173077e+00	1.166283e+00	6.506821e-01	5.857333e-01	1.259821e-01	7.281627e-01	5.603931e+00	7.501234e-05	2.524396e-03	1.000039	
-1 -1.202513	1.109629e+00	1.103184e+00	6.136679e-01	5.857319e-01	1.265793e-01	7.280938e-01	5.621034e+00	7.501189e-05	2.524373e-03	1.000036	
-1 -1.198492	1.047677e+00	1.041573e+00	5.776902e-01	5.857304e-01	1.271795e-01	7.280255e-01	5.638315e+00	7.501143e-05	2.524350e-03	1.000034	
-1 -1.194472	9.872420e-01	9.814735e-01	5.427536e-01	5.857291e-01	1.277826e-01	7.279569e-01	5.655772e+00	7.501099e-05	2.524327e-03	1.000031	
-1 -1.190452	9.283484e-01	9.229075e-01	5.088623e-01	5.857278e-01	1.283887e-01	7.278885e-01	5.673400e+00	7.501056e-05	2.524305e-03	1.000029	
-1 -1.186432	8.710190e-01	8.658982e-01	4.760208e-01	5.857265e-01	1.289979e-01	7.278203e-01	5.691197e+00	7.501013e-05	2.524283e-03	1.000026	
-1 -1.182412	8.152770e-01	8.104688e-01	4.442334e-01	5.857252e-01	1.296100e-01	7.277523e-01	5.709162e+00	7.500971e-05	2.524262e-03	1.000024	
-1 -1.178392	7.611459e-01	7.566426e-01	4.135045e-01	5.857240e-01	1.302252e-01	7.276846e-01	5.727293e+00	7.500929e-05	2.524241e-03	1.000022	
-1 -1.174372	7.086496e-01	7.044432e-01	3.838386e-01	5.857228e-01	1.308435e-01	7.276170e-01	5.745587e+00	7.500889e-05	2.524221e-03	1.000020	
-1 -1.170352	6.578118e-01	6.538944e-01	3.552400e-01	5.857216e-01	1.314648e-01	7.275498e-01	5.764045e+00	7.500849e-05	2.524202e-03	1.000017	
-1 -1.166332	6.086567e-01	6.050199e-01	3.277131e-01	5.857204e-01	1.320893e-01	7.274828e-01	5.782667e+00	7.500809e-05	2.524183e-03	1.000016	
-1 -1.162312	5.612087e-01	5.578441e-01	3.012624e-01	5.857193e-01	1.327168e-01	7.274161e-01	5.801450e+00	7.500770e-05	2.524164e-03	1.000014	
-1 -1.158291	5.154921e-01	5.123910e-01	2.758924e-01	5.857182e-01	1.333475e-01	7.273497e-01	5.820397e+00	7.500732e-05	2.524147e-03	1.000012	
-1 -1.154271	4.715318e-01	4.686853e-01	2.516073e-01	5.857172e-01	1.339813e-01	7.272836e-01	5.839508e+00	7.500694e-05	2.524130e-03	1.000010	
-1 -1.150251	4.293526e-01	4.267516e-01	2.284118e-01	5.857161e-01	1.346183e-01	7.272178e-01	5.858784e+00	7.500657e-05	2.524114e-03	1.000009	
-1 -1.146231	3.889796e-01	3.866148e-01	2.063101e-01	5.857151e-01	1.352584e-01	7.271524e-01	5.878226e+00	7.500620e-05	2.524098e-03	1.000007	
-1 -1.142211	3.504381e-01	3.483000e-01	1.853069e-01	5.857141e-01	1.359018e-01	7.270873e-01	5.897837e+00	7.500584e-05	2.524084e-03	1.000006	
-1 -1.138191	3.137537e-01	3.118324e-01	1.654064e-01	5.857132e-01	1.365483e-01	7.270228e-01	5.917619e+00	7.500548e-05	2.524070e-03	1.000005	
-1 -1.134171	2.789521e-01	2.772376e-01	1.466132e-01	5.857122e-01	1.371981e-01	7.269585e-01	5.937575e+00	7.500512e-05	2.524057e-03	1.000003	
-1 -1.130151	2.460593e-01	2.445413e-01	1.289316e-01	5.857113e-01	1.378512e-01	7.268946e-01	5.957708e+00	7.500478e-05	2.524045e-03	1.000002	
-1 -1.126131	2.151013e-01	2.137692e-01	1.123660e-01	5.857104e-01	1.385075e-01	7.268311e-01	5.978022e+00	7.500443e-05	2.524034e-03	1.000001	
-1 -1.122111	1.861045e-01	1.849476e-01	9.692085e-02	5.857096e-01	1.391672e-01	7.267667e-01	5.998526e+00	7.500408e-05	2.524025e-03	1.000001	
-1 -1.118090	1.590955e-01	1.581027e-01	8.260043e-02	5.857087e-01	1.398301e-01	7.267047e-01	6.019217e+00	7.500375e-05	2.524016e-03	1.000000	
-1 -1.114070	1.341011e-01	1.332610e-01	6.940907e-02	5.857079e-01	1.404963e-01	7.266432e-01	6.040104e+00	7.500342e-05	2.524008e-03	0.999999	
-1 -1.110050	1.111483e-01	1.104493e-01	5.735104e-02	5.857070e-01	1.411660e-01	7.265816e-01	6.061182e+00	7.500309e-05	2.524001e-03	0.999999	
-1 -1.106030	9.026430e-02	8.969435e-02	4.643057e-02	5.857062e-01	1.418389e-01	7.265205e-01	6.082476e+00	7.500277e-05	2.523995e-03	0.999998	
-1 -1.102010	7.147656e-02	7.102341e-02	3.665183e-02	5.857055e-01	1.425153e-01	7.264599e-01	6.103986e+00	7.500245e-05	2.523990e-03	0.999998	
-1 -1.097990	5.481272e-02	5.446381e-02	2.801895e-02	5.857047e-01	1.431951e-01	7.263998e-01	6.125718e+00	7.500213e-05	2.523987e-03	0.999998	
-1 -1.093970	4.030068e-02	4.004309e-02	2.053597e-02	5.857040e-01	1.438783e-01	7.263403e-01	6.147682e+00	7.500181e-05	2.523985e-03	0.999998	
-1 -1.089950	2.796854e-02	2.778903e-02	1.420689e-02	5.857032e-01	1.445649e-01	7.262813e-01	6.169895e+00	7.500150e-05	2.523984e-03	0.999998	
-1 -1.085930	1.784464e-02	1.772962e-02	9.035590e-03	5.857026e-01	1.452551e-01	7.262230e-01	6.192347e+00	7.500119e-05	2.523985e-03	0.999998	
-1 -1.081910	9.957530e-03	9.893080e-03	5.025893e-03	5.857019e-01	1.459487e-01	7.261653e-01	6.215060e+00	7.500088e-05	2.523986e-03	0.999998	
-1 -1.077889	4.336010e-03	4.307825e-03	2.181511e-03	5.857012e-01	1.466458e-01	7.261082e-01	6.238046e+00	7.500058e-05	2.523990e-03	0.999999	
-1 -1.073869	1.009098e-03	1.002510e-03	5.060560e-04	5.857006e-01	1.473464e-01	7.260517e-01	6.261314e+00	7.500028e-05	2.523994e-03	0.999999	
0 -1.070138	-4.055666e-03	-1.164447e-03	-5.973945e-15	5.857000e-01	1.480000e-01	7.260000e-01	9.453421e-09	7.500000e-05	2.524000e-03	1.000000	
1 -1.069849	6.047825e-06	6.008172e-06	3.023116e-06	5.857000e-01	1.480506e-01	7.259960e-01	1.700704e-03	7.499998e-05	2.524001e-03	1.000000	
1 -1.065829	1.356347e-03	1.347415e-03	6.757852e-04	5.856993e-01	1.487584e-01	7.259411e-01	2.558668e-02	7.499968e-05	2.524008e-03	1.000001	
1 -1.061809	5.089720e-03	5.056054e-03	2.527583e-03	5.856988e-01	1.494697e-01	7.258868e-01	4.979730e-02	7.499939e-05	2.524018e-03	1.000002	
1 -1.057789	1.123613e-02	1.116147e-02	5.561514e-03	5.856982e-01	1.501847e-01	7.258335e-01	7.435879e-02	7.499909e-05	2.524029e-03	1.000003	
1 -1.053769	1.982577e-02	1.969345e-02	9.780525e-03	5.856976e-01	1.509033e-01	7.257810e-01	9.928683e-02	7.499880e-05	2.524042e-03	1.000004	
1 -1.049749	3.088908e-02	3.068199e-02	1.518740e-02	5.856971e-01	1.516256e-01	7.257293e-01	1.246024e-01	7.499851e-05	2.524058e-03	1.000005	
1 -1.045729	4.445676e-02	4.415734e-02	2.178476e-02	5.856965e-01	1.523515e-01	7.256785e-01	1.503278e-01	7.499823e-05	2.524075e-03	1.000007	
1 -1.041709	6.055973e-02	6.014997e-02	2.957505e-02	5.856960e-01	1.530812e-01	7.256287e-01	1.764879e-01	7.499794e-05	2.524094e-03	1.000008	
1 -1.037688	7.922915e-02	7.869059e-02	3.856051e-02	5.856956e-01	1.538146e-01	7.255798e-01	2.031277e-01	7.499766e-05	2.524116e-03	1.000010	
1 -1.033668	1.004965e-01	9.981013e-02	4.874322e-02	5.856951e-01	1.545517e-01	7.255320e-01	2.302439e-01	7.499737e-05	2.524140e-03	1.000012	
1 -1.029648	1.243934e-01	1.235398e-01	6.012504e-02	5.856946e-01	1.552926e-01	7.254852e-01	2.578843e-01	7.499709e-05	2.524167e-03	1.000014	
1 -1.025628	1.509517e-01	1.499110e-01	7.270766e-02	5.856942e-01	1.560373e-01	7.254394e-01	2.860848e-01	7.499681e-05	2.524196e-03	1.000016	
1 -1.021608	1.802037e-01	1.789554e-01	8.649255e-02	5.856938e-01	1.567858e-01	7.253948e-01	3.148853e-01	7.499653e-05	2.524228e-03	1.000019	
1 -1.017588	2.121819e-01	2.107049e-01	1.014810e-01	5.856933e-01	1.575381e-01	7.253512e-01	3.443296e-01	7.499625e-05	2.524263e-03	1.000021	
1 -1.013568	2.469188e-01	2.451916e-01	1.176743e-01	5.856930e-01	1.582943e-01	7.253089e-01	3.744668e-01	7.499597e-05	2.524302e-03	1.000024	
1 -1.009548	2.844475e-01	2.824480e-01	1.350733e-01	5.856926e-01	1.590544e-01	7.252677e-01	4.053509e-01	7.499569e-05	2.524343e-03	1.000026	
1 -1.005528	3.248011e-01	3.225067e-01	1.536790e-01	5.856922e-01	1.598184e-01	7.252277e-01	4.370428e-01	7.499542e-05	2.524389e-03	1.000029	
1 -1.001508	3.680132e-01	3.654006e-01	1.734924e-01	5.856919e-01	1.605863e-01	7.251889e-01	4.696097e-01	7.499514e-05	2.524438e-03	1.000032	
1 -0.997487	4.141174e-01	4.111628e-01	1.945146e-01	5.856916e-01	1.613582e-01	7.251512e-01	5.031276e-01	7.499487e-05	2.524492e-03	1.000035	
1 -0.993467	4.631479e-01	4.598267e-01	2.167468e-01	5.856913e-01	1.621340e-01	7.251148e-01	5.376807e-01	7.499459e-05	2.524550e-03	1.000038	
1 -0.989447	5.151388e-01	5.114260e-01	2.401910e-01	5.856909e-01	1.629139e-01	7.250796e-01	5.734537e-01	7.499433e-05	2.524613e-03	1.000042	
1 -0.985427	5.701247e-01	5.659947e-01	2.648498e-01	5.856907e-01	1.636978e-01	7.250457e-01	6.103884e-01	7.499406e-05	2.524682e-03	1.000045	
1 -0.981407	6.281405e-01	6.235667e-01	2.907271e-01	5.856905e-01	1.644858e-01	7.250131e-01	6.485751e-01	7.499379e-05	2.524756e-03	1.000049	
1 -0.977387	6.892212e-01	6.841767e-01	3.178290e-01	5.856903e-01	1.652778e-01	7.249809e-01	6.883263e-01	7.499353e-05	2.524837e-03	1.000052	
1 -0.973367	7.534023e-01	7.478593e-01	3.461645e-01	5.856902e-01	1.660740e-01	7.249490e-01	7.296833e-01	7.499327e-05	2.524926e-03	1.000055	
1 -0.969347	8.207193e-01	8.146494e-01	3.757472e-01	5.856901e-01	1.668742e-01	7.249167e-01	7.727732e-01	7.499302e-05	2.525022e-03	1.000059	
1 -0.965327	8.912082e-01	8.845822e-01	4.065974e-01	5.856902e-01	1.676787e-01	7.248834e-01	8.177055e-01	7.499279e-05	2.525127e-03	1.000062	
1 -0.961307	9.649053e-01	9.576933e-01	4.387454e-01	5.856903e-01	1.684873e-01	7.248476e-01	8.645386e-01	7.499257e-05	2.525241e-03	1.000064	
1 -0.957286	1.041847e+00	1.034018e+00	4.722360e-01	5.856906e-01	1.693002e-01	7.248077e-01	9.132263e-01	7.499239e-05	2.525365e-03	1.000066	
1 -0.953266	1.122070e+00	1.113594e+00	5.071348e-01	5.856916e-01	1.701173e-01	7.247526e-01	9.633670e-01	7.499226e-05	2.525500e-03	1.000067	
1 -0.949246	1.205612e+00	1.196455e+00	5.435363e-01	5.856924e-01	1.709386e-01	7.246942e-01	1.014690e+00	7.499218e-05	2.525641e-03	1.000067	
1 -0.945226	1.292510e+00	1.282639e+00	5.815721e-01	5.856936e-01	1.717642e-01	7.246213e-01	1.066067e+00	7.499218e-05	2.525788e-03	1.000065	
1 -0.941206	1.382801e+00	1.372183e+00	6.214152e-01	5.856951e-01	1.725942e-01	7.245295e-01	1.116046e+00	7.499229e-05	2.525936e-03	1.000062	
1 -0.937186	1.476524e+00	1.465124e+00	6.632764e-01	5.856971e-01	1.734285e-01	7.244155e-01	1.162957e+00	7.499252e-05	2.526079e-03	1.000056	
1 -0.933166	1.573717e+00	1.561500e+00	7.073876e-01	5.856994e-01	1.742672e-01	7.242785e-01	1.205373e+00	7.499288e-05	2.526214e-03	1.000049	
1 -0.929146	1.674418e+00	1.661347e+00	7.539790e-01	5.857022e-01	1.751103e-01	7.241203e-01	1.242529e+00	7.499335e-05	2.526335e-03	1.000040	
1 -0.925126	1.778666e+00	1.764704e+00	8.032586e-01	5.857053e-01	1.759579e-01	7.239439e-01	1.274385e+00	7.499392e-05	2.526443e-03	1.000029	
1 -0.921106	1.886501e+00	1.871609e+00	8.554029e-01	5.857085e-01	1.768099e-01	7.237533e-01	1.301409e+00	7.499457e-05	2.526538e-03	1.000017	
1 -0.917085	1.997962e+00	1.982102e+00	9.105566e-01	5.857120e-01	1.776663e-01	7.235515e-01	1.324284e+00	7.499528e-05	2.526621e-03	1.000005	
1 -0.913065	2.113089e+00	2.096219e+00	9.688376e-01	5.857156e-01	1.785274e-01	7.233422e-01	1.343735e+00	7.499605e-05	2.526695e-03	0.999992	
1 -0.909045	2.231922e+00	2.214002e+00	1.030343e+00	5.857194e-01	1.793929e-01	7.231259e-01	1.360332e+00	7.499685e-05	2.526760e-03	0.999978	
1 -0.905025	2.354501e+00	2.335489e+00	1.095156e+00	5.857231e-01	1.802631e-01	7.229047e-01	1.374621e+00	7.499767e-05	2.526818e-03	0.999964	
1 -0.901005	2.480867e+00	2.460719e+00	1.163347e+00	5.857270e-01	1.811378e-01	7.226795e-01	1.387019e+00	7.499852e-05	2.526871e-03	0.999950	
1 -0.896985	2.611062e+00	2.589734e+00	1.234980e+00	5.857309e-01	1.820172e-01	7.224513e-01	1.397862e+00	7.499938e-05	2.526919e-03	0.999936	
1 -0.892965	2.745126e+00	2.722573e+00	1.310113e+00	5.857348e-01	1.829013e-01	7.222205e-01	1.407415e+00	7.500026e-05	2.526963e-03	0.999921	
1 -0.888945	2.883102e+00	2.859277e+00	1.388798e+00	5.857388e-01	1.837901e-01	7.219876e-01	1.415890e+00	7.500114e-05	2.527004e-03	0.999906	
1 -0.884925	3.025031e+00	2.999886e+00	1.471088e+00	5.857428e-01	1.846836e-01	7.217528e-01	1.423457e+00	7.500204e-05	2.527042e-03	0.999891	
1 -0.880905	3.170956e+00	3.144443e+00	1.557030e+00	5.857468e-01	1.855819e-01	7.215164e-01	1.430253e+00	7.500295e-05	2.527077e-03	0.999876	
1 -0.876884	3.320920e+00	3.292988e+00	1.646671e+00	5.857509e-01	1.864849e-01	7.212787e-01	1.436389e+00	7.500386e-05	2.527111e-03	0.999861	
1 -0.872864	3.474965e+00	3.445564e+00	1.740057e+00	5.857549e-01	1.873929e-01	7.210396e-01	1.441957e+00	7.500478e-05	2.527143e-03	0.999846	
1 -0.868844	3.633135e+00	3.602213e+00	1.837232e+00	5.857590e-01	1.883056e-01	7.207995e-01	1.447032e+00	7.500571e-05	2.527173e-03	0.999830	
1 -0.864824	3.795474e+00	3.762976e+00	1.938243e+00	5.857631e-01	1.892233e-01	7.205582e-01	1.451678e+00	7.500664e-05	2.527203e-03	0.999815	
1 -0.860804	3.962026e+00	3.927898e+00	2.043131e+00	5.857672e-01	1.901459e-01	7.203160e-01	1.455947e+00	7.500758e-05	2.527230e-03	0.999799	
1 -0.856784	4.132835e+00	4.097021e+00	2.151941e+00	5.857714e-01	1.910735e-01	7.200729e-01	1.459885e+00	7.500852e-05	2.527257e-03	0.999783	
1 -0.852764	4.307947e+00	4.270388e+00	2.264716e+00	5.857755e-01	1.920061e-01	7.198289e-01	1.463528e+00	7.500946e-05	2.527283e-03	0.999767	
1 -0.848744	4.487406e+00	4.448044e+00	2.381501e+00	5.857797e-01	1.929437e-01	7.195840e-01	1.466909e+00	7.501041e-05	2.527308e-03	0.999751	
1 -0.844724	4.671258e+00	4.630032e+00	2.502337e+00	5.857839e-01	1.938864e-01	7.193384e-01	1.470056e+00	7.501136e-05	2.527333e-03	0.999735	
1 -0.840704	4.859548e+00	4.816397e+00	2.627269e+00	5.857881e-01	1.948341e-01	7.190920e-01	1.472993e+00	7.501231e-05	2.527356e-03	0.999719	
1 -0.836683	5.052324e+00	5.007184e+00	2.756340e+00	5.857923e-01	1.957871e-01	7.188449e-01	1.475741e+00	7.501327e-05	2.527379e-03	0.999703	
1 -0.832663	5.249631e+00	5.202438e+00	2.889595e+00	5.857965e-01	1.967452e-01	7.185970e-01	1.478318e+00	7.501423e-05	2.527402e-03	0.999686	
1 -0.828643	5.451517e+00	5.402204e+00	3.027076e+00	5.858008e-01	1.977085e-01	7.183484e-01	1.480741e+00	7.501519e-05	2.527424e-03	0.999669	
1 -0.824623	5.658028e+00	5.606528e+00	3.168829e+00	5.858050e-01	1.986770e-01	7.180992e-01	1.483022e+00	7.501615e-05	2.527445e-03	0.999653	
1 -0.820603	5.869214e+00	5.815456e+00	3.314896e+00	5.858093e-01	1.996509e-01	7.178492e-01	1.485175e+00	7.501712e-05	2.527466e-03	0.999636	
1 -0.816583	6.085121e+00	6.029035e+00	3.465325e+00	5.858136e-01	2.006301e-01	7.175986e-01	1.487211e+00	7.501809e-05	2.527487e-03	0.999619	
1 -0.812563	6.305798e+00	6.247311e+00	3.620157e+00	5.858179e-01	2.016146e-01	7.173474e-01	1.489138e+00	7.501906e-05	2.527507e-03	0.999602	
1 -0.808543	6.531295e+00	6.470332e+00	3.779441e+00	5.858222e-01	2.026045e-01	7.170955e-01	1.490968e+00	7.502003e-05	2.527527e-03	0.999584	
1 -0.804523	6.761660e+00	6.698145e+00	3.943219e+00	5.858265e-01	2.035999e-01	7.168430e-01	1.492706e+00	7.502101e-05	2.527547e-03	0.999567	
1 -0.800503	6.996943e+00	6.930799e+00	4.111539e+00	5.858308e-01	2.046008e-01	7.165898e-01	1.494360e+00	7.502199e-05	2.527566e-03	0.999550	
1 -0.796482	7.237194e+00	7.168340e+00	4.284446e+00	5.858352e-01	2.056071e-01	7.163360e-01	1.495936e+00	7.502297e-05	2.527585e-03	0.999532	
1 -0.792462	7.482463e+00	7.410819e+00	4.461986e+00	5.858395e-01	2.066191e-01	7.160816e-01	1.497441e+00	7.502395e-05	2.527604e-03	0.999514	
1 -0.788442	7.732803e+00	7.658284e+00	4.644207e+00	5.858439e-01	2.076366e-01	7.158266e-01	1.498879e+00	7.502493e-05	2.527622e-03	0.999496	
1 -0.784422	7.988262e+00	7.910783e+00	4.831156e+00	5.858483e-01	2.086598e-01	7.155710e-01	1.500255e+00	7.502592e-05	2.527641e-03	0.999478	
1 -0.780402	8.248895e+00	8.168368e+00	5.022879e+00	5.858527e-01	2.096886e-01	7.153148e-01	1.501573e+00	7.502691e-05	2.527659e-03	0.999460	
1 -0.776382	8.514751e+00	8.431088e+00	5.219424e+00	5.858571e-01	2.107232e-01	7.150579e-01	1.502837e+00	7.502789e-05	2.527676e-03	0.999442	
1 -0.772362	8.785885e+00	8.698993e+00	5.420840e+00	5.858615e-01	2.117636e-01	7.148005e-01	1.504052e+00	7.502889e-05	2.527694e-03	0.999424	
1 -0.768342	9.062349e+00	8.972134e+00	5.627175e+00	5.858659e-01	2.128097e-01	7.145425e-01	1.505219e+00	7.502988e-05	2.527711e-03	0.999405	
1 -0.764322	9.344196e+00	9.250564e+00	5.838477e+00	5.858704e-01	2.138617e-01	7.142839e-01	1.506342e+00	7.503087e-05	2.527728e-03	0.999387	
1 -0.760302	9.631480e+00	9.534332e+00	6.054796e+00	5.858748e-01	2.149196e-01	7.140247e-01	1.507424e+00	7.503187e-05	2.527745e-03	0.999368	
1 -0.756281	9.924256e+00	9.823491e+00	6.276182e+00	5.858793e-01	2.159835e-01	7.137649e-01	1.508467e+00	7.503286e-05	2.527762e-03	0.999349	
1 -0.752261	1.022258e+01	1.011809e+01	6.502684e+00	5.858838e-01	2.170533e-01	7.135045e-01	1.509474e+00	7.503386e-05	2.527778e-03	0.999331	
1 -0.748241	1.052650e+01	1.041819e+01	6.734353e+00	5.858882e-01	2.181292e-01	7.132435e-01	1.510447e+00	7.503486e-05	2.527795e-03	0.999312	
1 -0.744221	1.083608e+01	1.072384e+01	6.971239e+00	5.858927e-01	2.192111e-01	7.129819e-01	1.511388e+00	7.503586e-05	2.527811e-03	0.999292	
1 -0.740201	1.115137e+01	1.103509e+01	7.213394e+00	5.858973e-01	2.202992e-01	7.127198e-01	1.512298e+00	7.503687e-05	2.527827e-03	0.999273	
1 -0.736181	1.147243e+01	1.135200e+01	7.460869e+00	5.859018e-01	2.213935e-01	7.124570e-01	1.513180e+00	7.503787e-05	2.527842e-03	0.999254	
1 -0.732161	1.179932e+01	1.167462e+01	7.713716e+00	5.859063e-01	2.224939e-01	7.121937e-01	1.514035e+00	7.503888e-05	2.527858e-03	0.999234	
1 -0.728141	1.213209e+01	1.200301e+01	7.971988e+00	5.859108e-01	2.236007e-01	7.119297e-01	1.514864e+00	7.503988e-05	2.527873e-03	0.999215	
1 -0.724121	1.247080e+01	1.233722e+01	8.235737e+00	5.859154e-01	2.247137e-01	7.116652e-01	1.515670e+00	7.504089e-05	2.527889e-03	0.999195	
1 -0.720101	1.281551e+01	1.267730e+01	8.505016e+00	5.859200e-01	2.258331e-01	7.114001e-01	1.516452e+00	7.504190e-05	2.527904e-03	0.999175	
1 -0.716080	1.316628e+01	1.302332e+01	8.779879e+00	5.859245e-01	2.269590e-01	7.111344e-01	1.517213e+00	7.504291e-05	2.527919e-03	0.999155	
1 -0.712060	1.352317e+01	1.337532e+01	9.060381e+00	5.859291e-01	2.280913e-01	7.108681e-01	1.517953e+00	7.504392e-05	2.527933e-03	0.999135	
1 -0.708040	1.388624e+01	1.373338e+01	9.346575e+00	5.859337e-01	2.292301e-01	7.106012e-01	1.518674e+00	7.504493e-05	2.527948e-03	0.999115	
1 -0.704020	1.425554e+01	1.409753e+01	9.638518e+00	5.859383e-01	2.303755e-01	7.103337e-01	1.519377e+00	7.504595e-05	2.527962e-03	0.999095	
1 -0.700000	1.463114e+01	1.446785e+01	9.936263e+00	5.859429e-01	2.315276e-01	7.100657e-01	1.520062e+00	7.504696e-05	2.527976e-03	0.999075	

# Wed Jan 25 05:35:55 2017
##### FINIS #####
